  Frame #         RMSD         rGyr      intraHB        MolSA         SASA          PSA
        0        0.000        5.396            0      467.186      166.276       51.304
        1        0.332        5.429            0      467.933      107.840       44.354
        2        0.438        5.341            0      466.945      107.665       48.526
        3        0.336        5.400            0      469.511      104.024       50.435
        4        0.557        5.464            0      469.889      149.121       55.365
        5        0.515        5.396            0      471.365      151.955       51.585
        6        0.929        5.354            0      468.679      125.556       52.679
        7        0.626        5.348            0      466.346      144.004       56.708
        8        0.798        5.405            0      468.985      162.601       54.628
        9        0.685        5.316            0      466.805      130.538       59.486
       10        0.464        5.445            0      472.428      159.444       56.168
       11        0.624        5.304            0      466.492      142.909       55.231
       12        0.713        5.355            0      469.421      135.250       57.741
       13        0.746        5.438            0      469.639      156.721       55.971
       14        0.369        5.370            0      467.596      156.119       54.534
       15        0.481        5.407            0      467.836      163.430       51.601
       16        0.420        5.358            0      469.018      142.370       52.545
       17        0.372        5.433            0      473.697      125.911       48.654
       18        0.287        5.400            0      468.692      135.660       54.337
       19        0.391        5.475            0      472.113      146.132       53.736
       20        0.495        5.462            0      473.606      122.548       54.229
       21        0.554        5.500            0      475.317      127.475       52.515
       22        0.621        5.539            0      473.575      141.852       51.174
       23        0.452        5.483            0      473.275      160.542       55.645
       24        0.365        5.390            0      467.072      143.927       52.247
       25        0.207        5.370            0      470.144      130.799       49.286
       26        0.345        5.447            0      469.977      142.352       54.604
       27        0.419        5.410            0      470.596      145.817       54.185
       28        0.370        5.463            0      473.061      138.735       52.715
       29        0.456        5.394            0      471.536      117.588       53.174
       30        0.316        5.350            0      471.024      113.500       53.652
       31        0.500        5.455            0      472.214      158.431       53.563
       32        0.602        5.397            0      469.763      147.484       53.239
       33        0.376        5.505            0      473.329      133.484       51.632
       34        0.637        5.497            0      470.827      154.223       51.088
       35        0.260        5.334            0      466.532      141.266       52.481
       36        0.331        5.348            0      467.658      126.920       53.683
       37        0.466        5.381            0      470.389      132.132       56.445
       38        0.418        5.341            0      467.097      132.961       51.885
       39        0.340        5.375            0      468.893      111.565       49.994
       40        0.322        5.411            0      471.261      119.200       49.081
       41        0.455        5.401            0      471.953      129.360       54.159
       42        0.428        5.380            0      469.131      109.513       53.931
       43        0.327        5.442            0      470.048      129.862       51.787
       44        0.404        5.327            0      466.767      106.821       52.244
       45        0.419        5.456            0      469.915      129.706       43.729
       46        0.579        5.376            0      470.776      129.175       55.705
       47        0.316        5.362            0      464.340       91.999       49.590
       48        0.544        5.346            0      469.581      132.233       52.386
       49        0.371        5.382            0      473.917      130.505       53.522
       50        0.496        5.449            0      472.852      109.438       50.474
       51        0.410        5.368            0      468.445      117.597       49.172
       52        0.356        5.440            0      472.711      119.330       50.861
       53        0.419        5.467            0      471.477      144.544       48.845
       54        0.335        5.467            0      471.068      122.428       49.023
       55        0.307        5.402            0      468.638      133.930       47.185
       56        0.425        5.367            0      467.226      143.406       47.689
       57        0.332        5.433            0      468.090      125.837       52.647
       58        0.413        5.441            0      467.064      132.000       53.233
       59        0.395        5.481            0      473.321      109.254       45.204
       60        0.365        5.413            0      470.698      101.476       53.533
       61        0.370        5.424            0      468.323       93.403       50.415
       62        0.493        5.382            0      467.165      135.815       56.258
       63        0.421        5.422            0      468.099      106.118       53.103
       64        0.329        5.417            0      466.801      116.956       50.632
       65        0.432        5.363            0      471.634      129.936       56.717
       66        0.427        5.321            0      466.204      115.774       55.203
       67        0.397        5.347            0      467.958       84.066       49.664
       68        0.472        5.387            0      471.380       81.889       54.800
       69        0.373        5.344            0      469.133       98.329       55.215
       70        0.428        5.376            0      467.838      114.881       49.268
       71        0.333        5.409            0      474.041      114.656       51.169
       72        0.391        5.405            0      468.935      105.503       50.165
       73        0.499        5.446            0      474.937      115.973       45.558
       74        0.286        5.454            0      473.431      114.766       52.492
       75        0.348        5.358            0      468.175       85.721       50.840
       76        0.374        5.442            0      470.501       94.661       51.906
       77        0.387        5.429            0      469.697      114.529       51.426
       78        0.332        5.366            0      469.616      115.949       48.617
       79        0.307        5.357            0      468.636      118.622       50.629
       80        0.276        5.403            0      471.336       82.707       52.044
       81        0.361        5.401            0      469.595       93.663       49.085
       82        0.414        5.455            0      471.205       77.825       52.298
       83        0.380        5.442            0      474.734       86.246       55.240
       84        0.405        5.425            0      470.646       89.536       46.042
       85        0.375        5.370            0      466.717      103.132       47.545
       86        0.347        5.458            0      472.896      121.249       50.940
       87        0.254        5.424            0      468.847      104.134       47.798
       88        0.387        5.450            0      473.650      107.218       51.153
       89        0.285        5.412            0      468.644      106.939       52.848
       90        0.379        5.441            0      471.302      122.089       50.829
       91        0.442        5.508            0      474.059      113.247       48.812
       92        0.328        5.414            0      468.873       73.759       52.694
       93        0.541        5.436            0      471.645       92.025       52.671
       94        0.422        5.431            0      472.181       84.919       49.423
       95        0.309        5.395            0      466.918       86.311       51.351
       96        0.364        5.398            0      468.409       91.196       49.196
       97        0.394        5.455            0      473.645      144.050       49.404
       98        0.325        5.395            0      470.542       72.519       53.534
       99        0.381        5.398            0      467.073       86.985       50.036
      100        0.418        5.460            0      471.411       92.602       52.682
      101        0.301        5.449            0      472.090      107.336       51.875
      102        0.367        5.397            0      469.478       87.581       49.584
      103        0.292        5.421            0      471.269      106.806       49.248
      104        0.447        5.484            0      471.875       78.525       50.112
      105        0.383        5.432            0      469.837       94.187       50.482
      106        0.339        5.455            0      469.804       84.398       50.039
      107        0.299        5.471            0      469.637       83.834       50.654
      108        0.287        5.404            0      470.023       82.392       49.377
      109        0.299        5.391            0      468.968       94.721       51.859
      110        0.708        5.401            0      470.660      115.383       54.633
      111        0.343        5.329            0      463.510       86.424       53.843
      112        0.469        5.439            0      470.472       78.329       48.474
      113        0.441        5.478            0      475.675       70.512       51.651
      114        0.305        5.392            0      469.445       90.944       50.097
      115        0.348        5.416            0      470.082       98.688       53.562
      116        0.490        5.443            0      470.536      135.268       54.696
      117        0.352        5.394            0      467.541       87.539       51.580
      118        0.398        5.331            0      466.927       77.222       53.313
      119        0.318        5.408            0      468.530       90.253       51.634
      120        0.359        5.429            0      471.240       90.117       50.719
      121        0.365        5.427            0      470.865       99.154       49.296
      122        0.695        5.492            0      472.244      107.341       52.620
      123        0.277        5.383            0      466.065       76.390       52.904
      124        0.594        5.484            0      470.336       94.905       54.075
      125        0.421        5.442            0      470.406       95.274       55.136
      126        0.380        5.422            0      470.629       80.421       45.512
      127        0.386        5.477            0      471.041      100.884       51.401
      128        0.548        5.474            0      473.308       93.385       50.676
      129        0.715        5.477            0      473.296      108.328       51.002
      130        0.360        5.475            0      474.304      112.976       53.045
      131        0.432        5.497            0      473.720       81.528       54.004
      132        0.439        5.455            0      472.925      106.437       51.571
      133        0.419        5.511            0      474.290      100.280       52.938
      134        0.473        5.473            0      474.971       93.055       50.090
      135        0.452        5.475            0      470.767       75.399       52.979
      136        0.490        5.437            0      469.428       79.186       47.700
      137        0.394        5.476            0      475.330       86.088       54.522
      138        0.475        5.445            0      469.015       95.143       52.986
      139        0.625        5.470            0      474.063       71.437       49.805
      140        0.519        5.427            0      470.427       86.422       56.840
      141        0.323        5.447            0      467.243       78.450       49.781
      142        0.342        5.433            0      470.236       77.862       51.488
      143        0.504        5.529            0      473.572       72.381       49.726
      144        0.477        5.464            0      471.465       69.280       43.634
      145        0.384        5.421            0      469.501       89.675       53.189
      146        0.522        5.525            0      472.377       98.801       55.210
      147        0.383        5.521            0      471.981      108.242       50.225
      148        0.905        5.538            0      473.419       88.576       53.158
      149        0.476        5.465            0      469.094       84.959       54.313
      150        0.442        5.403            0      467.746       75.601       52.191
      151        0.415        5.443            0      469.460       72.767       53.517
      152        0.566        5.443            0      469.135       73.933       53.704
      153        0.513        5.486            0      472.426       62.460       52.192
      154        0.462        5.470            0      471.673       86.758       49.847
      155        0.347        5.395            0      469.141       55.733       48.284
      156        0.644        5.439            0      470.754       94.511       52.962
      157        0.432        5.346            0      467.082       67.292       53.539
      158        0.584        5.455            0      471.067       61.136       51.493
      159        0.533        5.421            0      469.657       82.600       55.170
      160        0.505        5.433            0      472.144       75.259       53.332
      161        0.273        5.383            0      468.828       59.953       54.455
      162        0.640        5.424            0      467.990       88.805       57.293
      163        0.704        5.515            0      472.807      103.939       51.823
      164        0.380        5.430            0      472.623       94.665       50.589
      165        0.658        5.438            0      471.431       96.641       51.386
      166        0.569        5.513            0      472.862       89.986       48.695
      167        0.503        5.466            0      470.191       91.086       49.836
      168        0.492        5.383            0      469.725       83.756       55.234
      169        0.562        5.455            0      470.252       88.292       49.634
      170        0.692        5.450            0      468.648       95.084       49.097
      171        0.408        5.396            0      468.347       99.913       51.144
      172        0.440        5.461            0      472.068       99.545       50.506
      173        0.483        5.451            0      471.729      100.944       51.121
      174        0.367        5.443            0      472.443      100.178       49.728
      175        0.407        5.509            0      474.284      107.175       50.483
      176        0.609        5.424            0      471.263      111.575       52.067
      177        0.638        5.481            0      471.667      102.852       55.630
      178        0.398        5.390            0      467.280       99.999       52.188
      179        0.482        5.426            0      469.612       88.001       55.740
      180        0.437        5.513            0      471.923       86.529       49.788
      181        0.526        5.450            0      471.748      117.221       50.278
      182        0.543        5.460            0      473.219      109.963       47.317
      183        0.477        5.479            0      474.009      108.032       52.654
      184        0.467        5.522            0      476.936       98.567       51.382
      185        0.370        5.378            0      466.978       88.228       48.042
      186        0.395        5.423            0      470.105       85.012       52.017
      187        0.505        5.391            0      469.642       92.196       51.901
      188        0.412        5.445            0      469.587      134.050       55.130
      189        0.544        5.472            0      472.840      111.257       54.035
      190        0.621        5.431            0      470.362      107.443       51.965
      191        0.525        5.484            0      474.711      105.838       54.395
      192        0.740        5.457            0      472.633      111.984       55.102
      193        0.301        5.472            0      474.406       87.307       51.199
      194        0.696        5.441            0      473.386       90.013       50.568
      195        0.561        5.499            0      473.521      101.660       49.065
      196        0.568        5.434            0      469.898      112.173       53.225
      197        0.432        5.413            0      470.483      105.709       55.257
      198        0.429        5.467            0      472.995      102.227       49.902
      199        0.464        5.485            0      471.297      106.215       52.831
      200        0.433        5.481            0      473.845       87.374       47.511
      201        0.579        5.428            0      473.896       81.040       50.833
      202        0.590        5.461            0      474.135      103.505       52.562
      203        0.663        5.484            0      471.934       77.322       56.680
      204        0.648        5.457            0      473.603      122.885       52.897
      205        0.393        5.389            0      471.065       96.792       46.158
      206        0.477        5.443            0      470.980       92.701       53.120
      207        0.382        5.414            0      470.838       96.514       53.373
      208        0.549        5.519            0      473.344      139.386       50.184
      209        0.490        5.489            0      471.450      124.167       53.652
      210        0.408        5.446            0      472.155      113.116       49.631
      211        0.442        5.447            0      467.941      101.376       47.190
      212        0.572        5.448            0      470.298      117.498       49.628
      213        0.557        5.472            0      473.057       92.373       46.518
      214        0.527        5.426            0      472.415       95.894       50.883
      215        0.394        5.436            0      469.627      103.767       49.249
      216        0.457        5.472            0      468.494      107.656       47.736
      217        0.350        5.477            0      474.207       93.514       48.241
      218        0.615        5.462            0      474.121       77.509       51.315
      219        0.537        5.468            0      471.874      101.952       59.176
      220        0.602        5.458            0      471.989       69.245       47.429
      221        0.714        5.438            0      470.646       93.128       51.985
      222        0.458        5.444            0      470.304      100.341       51.500
      223        0.444        5.429            0      472.441       98.553       51.374
      224        0.542        5.476            0      475.252       90.385       49.832
      225        0.436        5.443            0      468.185      123.923       52.808
      226        0.563        5.421            0      471.616      103.730       47.863
      227        0.482        5.450            0      473.924       89.049       53.228
      228        0.620        5.476            0      474.438       81.305       52.516
      229        0.707        5.463            0      473.307       73.831       50.968
      230        0.624        5.439            0      472.026       84.503       51.549
      231        0.604        5.424            0      471.226       94.627       51.133
      232        0.506        5.415            0      469.661       81.532       50.609
      233        0.497        5.472            0      472.033       85.042       54.353
      234        0.466        5.418            0      470.505       73.651       54.375
      235        0.565        5.491            0      473.643       94.635       51.044
      236        0.524        5.401            0      471.012       81.575       51.599
      237        0.589        5.506            0      473.611       82.898       48.554
      238        0.654        5.454            0      470.984      100.505       53.975
      239        0.561        5.465            0      474.212       88.736       52.253
      240        0.670        5.456            0      474.049       85.151       53.191
      241        0.520        5.455            0      474.357      100.763       50.135
      242        0.505        5.433            0      472.970       70.829       56.467
      243        0.618        5.434            0      471.143       94.885       54.418
      244        0.686        5.481            0      473.518       96.940       54.912
      245        0.581        5.469            0      471.911       78.161       53.380
      246        0.481        5.430            0      473.237       87.603       53.858
      247        0.747        5.447            0      471.664       70.166       54.760
      248        0.401        5.416            0      470.702       65.792       55.801
      249        0.699        5.512            0      473.938       71.903       50.325
      250        0.695        5.451            0      472.285       75.608       55.008
      251        0.705        5.472            0      469.899       76.311       53.667
      252        0.619        5.388            0      470.310       92.894       51.754
      253        0.466        5.389            0      472.836       83.227       54.462
      254        0.595        5.433            0      473.277       89.526       53.173
      255        0.490        5.412            0      470.037       90.099       55.646
      256        0.635        5.420            0      468.310       77.771       51.170
      257        0.709        5.480            0      473.420       78.304       52.819
      258        0.447        5.443            0      467.878       55.961       52.751
      259        0.547        5.478            0      473.574       81.828       50.804
      260        0.640        5.405            0      470.995       78.521       55.046
      261        0.616        5.454            0      469.966       82.784       50.252
      262        0.614        5.458            0      474.605       80.928       52.921
      263        0.659        5.393            0      472.477       83.771       52.675
      264        0.618        5.425            0      471.578       84.585       51.516
      265        0.608        5.494            0      471.055       68.600       54.002
      266        0.685        5.465            0      474.423       78.254       51.006
      267        0.723        5.512            0      473.951       78.937       50.803
      268        0.540        5.486            0      477.869       83.526       52.103
      269        0.493        5.371            0      468.521       91.993       50.698
      270        0.725        5.499            0      469.278       89.628       52.623
      271        0.468        5.468            0      470.856      104.856       55.373
      272        0.607        5.464            0      472.475       96.384       53.353
      273        0.566        5.447            0      473.157       81.105       50.593
      274        0.681        5.423            0      471.751       79.364       53.256
      275        0.334        5.428            0      469.656       79.582       53.706
      276        0.594        5.479            0      475.966       75.737       53.958
      277        0.715        5.473            0      471.125       92.383       52.049
      278        0.692        5.479            0      471.413       76.826       50.333
      279        0.572        5.440            0      471.030       99.176       51.360
      280        0.598        5.475            0      474.538       94.205       54.133
      281        0.710        5.455            0      473.432      105.008       50.131
      282        0.539        5.412            0      470.258       84.351       51.364
      283        0.654        5.500            0      473.368       94.520       53.284
      284        0.680        5.474            0      470.604       92.866       53.570
      285        0.582        5.436            0      468.777       81.750       52.090
      286        0.596        5.480            0      474.829       79.903       51.779
      287        0.551        5.405            0      471.952       69.690       57.170
      288        0.778        5.457            0      472.357       67.643       51.586
      289        0.748        5.470            0      473.489       78.924       50.122
      290        0.668        5.423            0      470.201       64.613       54.281
      291        0.545        5.390            0      469.778       68.313       55.321
      292        0.529        5.481            0      473.929       74.823       53.707
      293        0.567        5.477            0      473.831       68.046       51.670
      294        0.623        5.453            0      474.862       80.379       49.246
      295        0.649        5.459            0      470.853       72.043       52.136
      296        0.581        5.474            0      471.433       68.540       51.795
      297        0.596        5.522            0      473.774       73.319       54.510
      298        0.625        5.487            0      474.084       66.260       51.582
      299        0.737        5.437            0      471.812       81.562       52.149
      300        0.543        5.457            0      471.304       96.058       51.592
      301        0.634        5.440            0      472.621       76.454       51.848
      302        0.733        5.487            0      473.201       78.013       49.457
      303        0.725        5.462            0      472.785       67.599       49.886
      304        0.608        5.487            0      475.001       85.849       50.805
      305        0.578        5.440            0      470.176       76.053       51.577
      306        0.617        5.465            0      474.443       78.713       49.808
      307        0.605        5.495            0      475.129       77.686       51.963
      308        0.717        5.460            0      471.406       74.898       51.862
      309        0.610        5.465            0      472.140       74.201       53.029
      310        0.713        5.458            0      471.795       53.074       51.491
      311        0.606        5.481            0      471.685       78.966       54.501
      312        0.693        5.439            0      473.213       78.240       49.698
      313        0.520        5.459            0      474.218       84.495       50.385
      314        0.645        5.467            0      473.805       90.741       50.514
      315        0.463        5.491            0      473.670       92.015       50.119
      316        0.625        5.465            0      474.076      112.907       53.130
      317        0.781        5.470            0      474.383       97.000       48.639
      318        0.659        5.510            0      475.063       87.473       52.586
      319        0.572        5.457            0      471.937       91.121       55.739
      320        0.505        5.471            0      473.726       99.924       53.077
      321        0.622        5.470            0      469.001       97.994       53.763
      322        0.640        5.447            0      472.560       95.397       55.420
      323        0.720        5.467            0      470.668       96.686       51.492
      324        0.554        5.414            0      473.005       98.133       53.176
      325        0.406        5.403            0      467.950       84.748       50.352
      326        0.633        5.460            0      474.249       91.119       50.859
      327        0.415        5.471            0      471.580       92.778       51.746
      328        0.355        5.490            0      473.807       73.732       53.754
      329        0.735        5.470            0      469.663       88.136       51.427
      330        0.471        5.454            0      472.676       69.649       53.384
      331        0.501        5.461            0      469.843       83.349       46.489
      332        0.606        5.425            0      468.135       87.285       51.594
      333        0.386        5.475            0      471.975       79.927       54.630
      334        0.330        5.416            0      468.265       76.825       51.428
      335        0.518        5.434            0      472.217       88.900       53.390
      336        0.494        5.451            0      470.663      131.078       46.698
      337        0.428        5.419            0      470.339       99.850       56.291
      338        0.466        5.406            0      469.571       86.418       56.376
      339        0.639        5.476            0      475.576      103.072       51.815
      340        0.648        5.466            0      474.090       88.042       53.398
      341        0.439        5.450            0      474.942       77.354       50.205
      342        0.566        5.514            0      476.836       87.444       51.329
      343        0.731        5.504            0      473.445       81.085       53.659
      344        0.440        5.511            0      471.590      133.780       50.444
      345        0.462        5.444            0      473.249       95.204       51.716
      346        0.539        5.436            0      472.107      136.887       52.939
      347        0.475        5.417            0      470.933      108.190       50.329
      348        0.509        5.396            0      471.284       98.921       56.896
      349        0.461        5.444            0      468.129      107.574       52.553
      350        0.524        5.432            0      473.402      117.617       56.545
      351        0.617        5.505            0      473.034      114.068       52.603
      352        0.463        5.412            0      468.361      113.517       49.058
      353        0.352        5.382            0      468.933      130.979       47.333
      354        0.659        5.434            0      470.315      119.400       48.152
      355        0.566        5.498            0      474.223      114.610       51.110
      356        0.490        5.404            0      470.266       93.433       51.110
      357        0.458        5.441            0      469.252       74.044       56.271
      358        0.712        5.457            0      476.112       83.665       52.780
      359        0.558        5.502            0      469.265       96.062       47.448
      360        0.429        5.475            0      474.757       97.365       51.597
      361        0.708        5.521            0      474.971       98.158       49.512
      362        1.108        5.321            0      469.219      113.473       54.123
      363        1.051        5.374            0      469.198      109.554       55.037
      364        1.246        5.360            0      472.576       97.035       50.041
      365        1.042        5.363            0      470.049      113.559       53.983
      366        1.434        5.237            0      469.944       91.823       54.878
      367        1.521        5.196            0      463.976       83.057       53.136
      368        1.031        5.240            0      461.953       85.464       55.592
      369        1.196        5.243            0      466.197       78.068       58.859
      370        1.427        5.255            0      466.350       91.765       48.251
      371        1.200        5.289            0      469.665      103.131       52.692
      372        1.187        5.431            0      476.852       84.367       50.259
      373        1.051        5.391            0      471.795      113.334       54.386
      374        1.159        5.396            0      474.467       84.177       54.847
      375        0.976        5.397            0      472.321       81.798       57.409
      376        0.919        5.378            0      474.283      102.134       55.594
      377        1.052        5.355            0      470.689       71.558       55.612
      378        1.200        5.385            0      469.491       85.387       48.696
      379        1.039        5.410            0      470.410       85.585       52.173
      380        1.141        5.335            0      472.187      101.261       53.829
      381        1.011        5.333            0      468.142       76.296       51.706
      382        1.031        5.311            0      468.644       96.616       54.572
      383        0.457        5.441            0      471.465       77.125       52.257
      384        0.602        5.402            0      472.173      100.438       53.836
      385        0.725        5.475            0      475.586       89.127       52.834
      386        0.730        5.449            0      471.009       97.102       53.305
      387        0.675        5.441            0      472.185      115.583       53.408
      388        0.610        5.513            0      473.325       95.988       52.724
      389        1.079        5.423            0      472.649       78.672       54.686
      390        1.340        5.255            0      466.116       78.114       52.689
      391        1.070        5.294            0      465.028       80.274       56.228
      392        1.180        5.263            0      467.606       81.220       52.879
      393        1.169        5.283            0      469.472       81.678       53.102
      394        1.129        5.356            0      470.595       76.989       52.115
      395        1.229        5.319            0      471.811       90.656       51.015
      396        1.467        5.195            0      464.113       80.262       51.697
      397        1.116        5.269            0      466.428       78.819       55.738
      398        1.163        5.383            0      472.753       59.017       54.480
      399        1.247        5.319            0      470.234       71.557       49.110
      400        1.088        5.351            0      469.992       69.927       54.136
      401        1.315        5.255            0      469.306       57.288       53.313
      402        1.124        5.327            0      468.648       72.299       54.446
      403        1.226        5.309            0      470.331       59.269       52.524
      404        1.272        5.331            0      472.898       79.662       50.229
      405        1.036        5.408            0      472.492       66.278       52.367
      406        0.582        5.461            0      473.908       82.390       51.078
      407        0.586        5.435            0      470.158       96.423       52.243
      408        0.615        5.506            0      472.065       95.216       50.756
      409        0.531        5.374            0      471.218      106.850       46.320
      410        0.496        5.463            0      470.583       74.484       51.784
      411        0.403        5.458            0      473.501       85.822       54.404
      412        0.384        5.402            0      467.548      115.063       53.142
      413        0.343        5.378            0      466.016      102.370       46.999
      414        0.466        5.379            0      466.236       98.761       44.787
      415        0.541        5.417            0      471.606      127.001       54.580
      416        0.821        5.467            0      474.203       95.529       54.150
      417        0.568        5.475            0      476.878       99.740       49.587
      418        0.530        5.427            0      469.967       97.702       50.426
      419        0.558        5.470            0      469.912      105.154       53.489
      420        1.190        5.278            0      468.580       81.564       52.275
      421        1.074        5.354            0      467.649       91.634       51.311
      422        1.330        5.288            0      471.614       80.092       55.300
      423        0.808        5.400            0      472.440       97.558       55.476
      424        1.264        5.275            0      469.650      117.557       54.380
      425        1.147        5.321            0      472.138       82.899       50.655
      426        1.412        5.212            0      466.623      121.866       55.821
      427        1.291        5.295            0      471.681      110.317       52.556
      428        1.285        5.355            0      472.516      114.102       52.877
      429        1.381        5.279            0      471.030      109.985       54.483
      430        1.232        5.353            0      471.105      109.261       52.886
      431        1.305        5.263            0      469.799       83.629       51.284
      432        1.214        5.290            0      470.478       76.661       54.407
      433        1.107        5.400            0      473.754       90.313       53.890
      434        1.319        5.337            0      472.144       93.915       51.061
      435        1.433        5.229            0      469.550       85.894       53.046
      436        1.410        5.266            0      468.178      131.822       48.680
      437        1.320        5.251            0      467.820       80.782       53.004
      438        1.168        5.256            0      467.055       99.276       55.740
      439        1.336        5.206            0      466.033       88.808       52.321
      440        1.599        5.253            0      473.903       91.266       51.746
      441        1.506        5.173            0      465.987      104.321       52.834
      442        1.481        5.237            0      468.495       70.486       51.713
      443        1.240        5.279            0      469.694      104.002       53.771
      444        1.341        5.234            0      467.908       89.321       54.200
      445        1.422        5.259            0      468.642       88.161       51.740
      446        1.567        5.195            0      467.585       95.787       51.395
      447        1.053        5.316            0      470.511       91.887       54.642
      448        1.065        5.359            0      468.689       88.824       53.004
      449        1.174        5.288            0      469.386       86.008       51.017
      450        1.123        5.308            0      467.854      117.116       52.521
      451        1.098        5.378            0      469.456       88.517       51.580
      452        1.069        5.379            0      473.764       99.652       53.244
      453        1.164        5.330            0      470.338      114.835       54.769
      454        1.106        5.375            0      474.040      112.801       54.370
      455        1.033        5.342            0      470.327       89.993       55.195
      456        1.249        5.276            0      469.054       91.796       53.673
      457        1.108        5.384            0      473.014       94.272       54.991
      458        0.501        5.412            0      469.584       77.781       46.261
      459        0.557        5.466            0      475.392       84.979       54.331
      460        0.563        5.453            0      471.292       90.647       51.313
      461        0.496        5.372            0      473.121       76.984       50.044
      462        0.363        5.454            0      470.839       90.252       46.714
      463        0.479        5.447            0      470.426       90.953       48.207
      464        0.481        5.437            0      471.336      104.959       50.954
      465        0.502        5.496            0      473.460       95.648       56.390
      466        0.315        5.447            0      470.006      111.001       48.682
      467        0.523        5.479            0      474.212       98.096       54.824
      468        0.443        5.445            0      470.099       86.133       49.671
      469        0.549        5.420            0      471.141      101.593       53.957
      470        0.457        5.460            0      472.671      116.278       52.908
      471        0.563        5.489            0      471.959       94.428       51.646
      472        0.461        5.508            0      475.990      117.793       48.543
      473        0.508        5.465            0      473.208      137.892       50.190
      474        0.360        5.423            0      469.449      147.433       49.426
      475        0.461        5.481            0      470.516      106.185       50.036
      476        0.517        5.469            0      473.569      134.164       46.513
      477        0.562        5.400            0      472.339       91.744       48.772
      478        0.336        5.376            0      466.242      111.582       52.606
      479        0.621        5.503            0      473.773      100.249       51.899
      480        0.374        5.446            0      472.275      117.132       51.484
      481        0.573        5.458            0      474.491       98.745       54.427
      482        0.510        5.470            0      472.206       90.808       50.159
      483        0.543        5.495            0      473.471       97.757       52.998
      484        0.516        5.495            0      476.117       81.408       48.321
      485        0.475        5.476            0      472.672       84.510       51.941
      486        0.455        5.451            0      471.678      109.254       47.392
      487        0.394        5.513            0      473.311      137.128       51.871
      488        0.430        5.427            0      472.102      103.583       47.497
      489        0.412        5.429            0      469.498      108.505       46.306
      490        0.720        5.484            0      473.822      119.984       50.922
      491        1.009        5.370            0      469.933       97.844       53.212
      492        1.255        5.300            0      470.074      125.338       54.202
      493        0.957        5.411            0      472.749      103.021       54.735
      494        1.191        5.345            0      469.512      105.627       53.837
      495        1.095        5.346            0      467.910       92.494       53.236
      496        1.210        5.283            0      468.019       78.988       53.189
      497        1.212        5.296            0      470.542       80.926       51.875
      498        0.963        5.378            0      471.366       83.781       54.476
      499        1.317        5.329            0      470.991       94.375       53.628
      500        1.122        5.224            0      467.331      102.717       52.897
      501        0.930        5.383            0      469.743       82.964       52.899
      502        1.148        5.414            0      474.478       92.755       51.047
      503        1.199        5.315            0      470.506       91.674       52.686
      504        1.206        5.369            0      471.618       98.166       53.772
      505        1.162        5.299            0      468.373      107.275       55.554
      506        1.368        5.286            0      471.466       95.255       54.575
      507        1.320        5.332            0      474.518      101.771       53.266
      508        0.969        5.382            0      473.515      103.823       53.964
      509        1.167        5.374            0      475.297       85.558       55.355
      510        1.149        5.334            0      472.147       88.406       52.745
      511        1.161        5.367            0      472.791       84.421       52.237
      512        1.312        5.262            0      467.355      132.102       51.297
      513        1.113        5.358            0      470.053      105.500       56.701
      514        1.225        5.367            0      473.945       86.666       54.276
      515        1.235        5.310            0      470.952       85.701       55.335
      516        1.284        5.321            0      473.868       65.784       53.659
      517        1.037        5.397            0      474.287       70.185       54.098
      518        0.940        5.356            0      467.070       72.852       54.723
      519        1.177        5.337            0      470.590       82.602       54.881
      520        1.257        5.324            0      469.164       88.588       51.386
      521        1.307        5.295            0      470.501       72.922       53.112
      522        1.057        5.373            0      472.717       96.801       52.948
      523        1.249        5.281            0      468.100       82.866       51.269
      524        1.216        5.335            0      471.757       91.592       51.682
      525        1.071        5.315            0      467.503       82.549       50.713
      526        1.091        5.341            0      468.728       86.609       54.391
      527        1.342        5.339            0      471.055       75.725       53.535
      528        1.182        5.340            0      470.866       79.408       53.986
      529        1.224        5.275            0      467.232       78.056       53.084
      530        1.365        5.297            0      468.096       82.127       51.480
      531        1.124        5.357            0      470.973       92.489       51.283
      532        1.371        5.276            0      471.868       95.715       54.099
      533        1.058        5.397            0      475.135       72.567       56.775
      534        1.195        5.348            0      471.194       84.029       54.162
      535        1.094        5.384            0      475.580       89.876       55.203
      536        1.210        5.326            0      471.890       71.271       50.953
      537        1.121        5.373            0      474.436       76.689       54.574
      538        1.029        5.368            0      472.280       71.204       54.145
      539        1.113        5.392            0      473.321      104.045       54.432
      540        1.175        5.333            0      469.646       94.333       57.735
      541        1.234        5.336            0      473.374       82.757       53.857
      542        1.146        5.315            0      469.588      101.459       55.118
      543        0.966        5.402            0      473.857       71.990       56.270
      544        1.218        5.252            0      464.704       74.829       53.671
      545        1.300        5.238            0      467.870       82.721       50.397
      546        1.201        5.340            0      474.298       58.123       53.427
      547        1.019        5.339            0      469.610       81.174       55.401
      548        1.172        5.373            0      470.790       77.539       55.747
      549        1.149        5.332            0      471.489       81.926       54.884
      550        1.346        5.301            0      471.673       85.274       55.100
      551        1.271        5.272            0      466.382       83.684       54.272
      552        1.194        5.365            0      473.394       96.985       52.444
      553        1.092        5.372            0      473.260       80.035       57.098
      554        1.258        5.330            0      469.505       68.590       53.051
      555        1.289        5.290            0      472.027       88.222       56.162
      556        1.095        5.301            0      467.679       69.268       54.567
      557        1.385        5.281            0      471.603      102.492       51.287
      558        1.382        5.303            0      469.012       95.334       50.292
      559        1.274        5.286            0      471.763       83.845       54.578
      560        1.264        5.304            0      470.620       85.282       53.856
      561        1.413        5.267            0      470.040       71.925       52.098
      562        1.241        5.289            0      466.307       88.744       50.444
      563        1.336        5.288            0      468.155       93.834       50.608
      564        1.096        5.304            0      469.895       60.691       53.251
      565        0.924        5.352            0      470.080       90.802       55.530
      566        1.225        5.326            0      472.817       84.772       52.888
      567        1.231        5.340            0      473.493       81.605       54.201
      568        1.265        5.308            0      471.585       71.165       54.327
      569        1.127        5.403            0      475.135       68.796       51.771
      570        1.084        5.311            0      470.000       73.887       52.159
      571        1.177        5.354            0      471.637       79.439       52.627
      572        1.332        5.358            0      471.516       62.337       49.672
      573        1.296        5.333            0      473.105      103.879       49.771
      574        1.219        5.314            0      471.521       77.774       53.252
      575        1.247        5.341            0      473.158       83.147       52.277
      576        1.199        5.326            0      472.411       79.802       52.189
      577        1.159        5.340            0      469.926       78.256       52.302
      578        1.433        5.271            0      470.303       86.329       48.461
      579        1.500        5.310            0      474.318       78.721       51.018
      580        1.618        5.244            0      473.188       84.350       52.510
      581        1.298        5.274            0      470.300       75.943       52.758
      582        1.440        5.301            0      469.934      105.608       50.390
      583        1.415        5.302            0      472.251       92.332       54.289
      584        0.889        5.376            0      471.221       79.708       49.007
      585        1.219        5.243            0      468.640       86.495       51.085
      586        1.127        5.369            0      470.855       75.049       52.231
      587        1.371        5.261            0      469.228       67.168       52.201
      588        1.215        5.311            0      469.051       70.581       52.317
      589        1.259        5.275            0      472.042       85.707       53.878
      590        1.431        5.228            0      468.597       82.183       51.589
      591        1.571        5.201            0      472.209       76.971       50.383
      592        1.168        5.316            0      468.481       69.417       52.203
      593        1.225        5.305            0      470.174       80.857       55.043
      594        1.022        5.399            0      469.958       68.291       53.664
      595        1.089        5.403            0      473.045       68.095       56.363
      596        1.245        5.296            0      471.577       69.266       54.735
      597        1.236        5.279            0      468.364       84.758       50.391
      598        1.210        5.363            0      473.597       70.644       52.303
      599        1.185        5.256            0      468.100       69.984       55.677
      600        1.302        5.180            0      465.671       66.572       53.811
      601        1.221        5.277            0      468.658       65.742       55.023
      602        0.942        5.309            0      466.028       76.126       57.289
      603        1.309        5.264            0      470.591       68.677       50.030
      604        1.312        5.306            0      469.675       88.039       52.626
      605        1.251        5.369            0      475.316       78.085       54.437
      606        0.984        5.388            0      473.973       92.419       54.982
      607        1.170        5.275            0      466.332       87.850       51.965
      608        1.233        5.379            0      473.538       98.639       51.565
      609        1.234        5.241            0      467.138      114.420       53.225
      610        1.251        5.223            0      466.485       98.390       53.437
      611        1.052        5.330            0      468.541       92.130       53.550
      612        1.116        5.346            0      469.524       85.198       50.474
      613        1.219        5.312            0      470.450       91.472       49.100
      614        1.305        5.289            0      468.836       79.440       51.592
      615        1.187        5.253            0      466.974       96.285       54.350
      616        0.887        5.425            0      472.938       83.131       52.529
      617        1.121        5.330            0      469.762       72.942       53.122
      618        1.088        5.370            0      473.207       77.858       55.309
      619        1.321        5.256            0      469.107       88.455       54.091
      620        1.306        5.222            0      465.791       79.767       55.250
      621        1.054        5.364            0      471.882       91.653       52.790
      622        1.293        5.230            0      467.690      101.716       51.264
      623        1.150        5.353            0      471.045       94.526       53.713
      624        1.130        5.416            0      474.808      103.817       51.472
      625        1.076        5.350            0      475.196       99.872       53.418
      626        1.162        5.331            0      468.215       85.791       53.992
      627        1.524        5.252            0      469.310      102.536       50.710
      628        1.171        5.305            0      470.705      101.787       50.997
      629        0.937        5.390            0      473.093       93.638       55.753
      630        1.232        5.342            0      473.750      116.431       54.128
      631        1.247        5.295            0      471.374       94.875       54.486
      632        1.150        5.363            0      471.429      122.460       55.511
      633        1.368        5.271            0      469.216       85.808       52.439
      634        1.304        5.306            0      471.222       91.242       55.339
      635        1.395        5.249            0      466.072       86.762       53.085
      636        1.149        5.391            0      473.965       74.135       50.805
      637        1.229        5.310            0      468.050       94.328       52.649
      638        1.397        5.346            0      472.443      126.191       53.309
      639        1.185        5.396            0      470.052      121.718       49.589
      640        1.177        5.287            0      468.443      126.021       55.405
      641        1.070        5.297            0      467.194       97.476       54.943
      642        1.233        5.295            0      468.243       94.748       53.291
      643        1.119        5.392            0      469.276      102.651       55.137
      644        1.130        5.356            0      473.668      107.039       51.035
      645        1.165        5.314            0      467.606      110.424       53.553
      646        1.418        5.280            0      473.549      120.228       51.437
      647        0.983        5.400            0      470.579      100.380       52.958
      648        1.032        5.404            0      472.280       81.267       54.032
      649        1.210        5.333            0      471.646       81.697       52.878
      650        1.318        5.366            0      473.926       82.203       50.046
      651        1.297        5.339            0      473.540       83.877       52.582
      652        1.133        5.299            0      470.408       90.159       53.391
      653        1.235        5.209            0      467.045      118.701       52.992
      654        1.373        5.247            0      467.710      119.786       53.016
      655        1.180        5.337            0      470.398      117.985       55.581
      656        1.347        5.238            0      470.577       99.328       55.418
      657        1.337        5.286            0      467.897      104.700       52.827
      658        1.362        5.231            0      466.795       80.695       54.478
      659        1.358        5.333            0      474.279       99.367       50.717
      660        1.302        5.260            0      465.335      102.219       52.853
      661        1.266        5.297            0      468.660      111.682       53.805
      662        1.031        5.269            0      465.529      105.590       52.194
      663        1.175        5.302            0      469.166      133.400       53.066
      664        1.175        5.318            0      472.106      117.581       53.701
      665        1.395        5.302            0      472.370      114.804       51.733
      666        1.158        5.351            0      470.060      125.873       52.432
      667        1.335        5.212            0      465.474      112.220       51.413
      668        1.360        5.299            0      470.676      131.176       51.605
      669        1.257        5.334            0      473.506      112.701       52.255
      670        1.167        5.318            0      471.948      125.854       53.540
      671        1.221        5.322            0      470.885      143.623       53.166
      672        1.346        5.230            0      466.907      102.353       54.023
      673        1.264        5.262            0      467.734      107.422       52.014
      674        1.297        5.286            0      469.059      112.220       50.540
      675        1.106        5.443            0      474.840      143.658       53.747
      676        0.992        5.391            0      469.932      112.368       53.539
      677        1.153        5.338            0      470.363      128.384       52.667
      678        1.059        5.304            0      466.374      109.493       54.836
      679        1.192        5.370            0      475.663      123.589       52.652
      680        1.373        5.280            0      469.301      114.790       53.474
      681        1.323        5.306            0      471.490      135.261       52.705
      682        1.418        5.240            0      469.449      114.865       52.990
      683        1.059        5.409            0      474.718      103.515       52.746
      684        1.050        5.379            0      475.755      147.783       56.634
      685        1.212        5.328            0      471.933      157.822       55.434
      686        1.220        5.301            0      468.172      124.117       54.419
      687        1.401        5.234            0      467.202      127.799       52.899
      688        1.152        5.351            0      472.407      125.121       54.987
      689        0.904        5.382            0      469.526      109.910       52.620
      690        1.101        5.324            0      471.892      132.195       55.567
      691        1.200        5.344            0      472.166      129.291       53.090
      692        1.239        5.356            0      473.402      116.301       51.794
      693        1.169        5.285            0      470.339      120.632       56.016
      694        1.338        5.234            0      466.797      144.183       52.651
      695        1.032        5.332            0      470.894      116.453       53.580
      696        1.154        5.375            0      471.229      102.980       52.337
      697        1.222        5.306            0      472.012      122.495       54.919
      698        1.123        5.306            0      467.799      104.354       57.940
      699        1.318        5.235            0      466.392      131.479       52.708
      700        0.927        5.371            0      470.405      113.444       51.726
      701        1.127        5.323            0      469.746      114.176       56.175
      702        1.162        5.305            0      468.154      133.956       53.446
      703        1.201        5.347            0      471.608      119.000       52.476
      704        1.067        5.371            0      473.253      113.153       54.102
      705        1.142        5.393            0      473.826      116.735       51.716
      706        0.975        5.415            0      470.783      134.769       47.370
      707        1.152        5.366            0      474.099      135.594       54.500
      708        1.316        5.393            0      474.996      152.276       51.072
      709        1.122        5.343            0      472.611      128.333       53.474
      710        1.143        5.358            0      472.776      117.759       55.877
      711        1.238        5.340            0      469.915      134.288       52.698
      712        1.091        5.384            0      473.108      129.016       51.286
      713        1.058        5.334            0      468.710      117.107       57.063
      714        1.083        5.320            0      468.138      135.277       54.090
      715        1.006        5.425            0      472.867      108.383       52.336
      716        0.889        5.370            0      470.712      118.216       58.782
      717        1.110        5.369            0      471.781      115.711       49.940
      718        1.347        5.281            0      469.951      126.009       52.351
      719        1.227        5.361            0      471.846      134.655       44.089
      720        1.124        5.332            0      470.092      120.681       51.073
      721        1.240        5.301            0      470.504      122.547       55.337
      722        1.379        5.310            0      474.375      124.271       53.377
      723        1.033        5.396            0      472.998       97.695       51.168
      724        1.082        5.245            0      466.522      114.924       53.480
      725        1.548        5.287            0      472.901      118.149       53.004
      726        1.159        5.312            0      472.107      116.862       52.801
      727        1.159        5.318            0      468.249      112.899       53.708
      728        1.129        5.291            0      471.357      105.071       54.163
      729        1.102        5.410            0      475.651      132.095       50.681
      730        1.281        5.334            0      472.931      100.867       49.389
      731        1.082        5.348            0      469.892      118.385       54.601
      732        1.363        5.212            0      467.791      106.703       53.150
      733        0.950        5.433            0      472.368      108.625       54.706
      734        1.215        5.369            0      474.020      120.787       52.910
      735        0.449        5.436            0      470.118      109.025       50.262
      736        0.724        5.423            0      471.811       86.776       52.442
      737        0.498        5.463            0      472.677      104.807       54.759
      738        0.645        5.430            0      473.398       89.316       53.555
      739        0.746        5.427            0      473.954      113.078       53.651
      740        0.577        5.460            0      472.908       99.253       53.300
      741        0.489        5.468            0      473.742      104.814       54.345
      742        0.423        5.359            0      469.332      142.842       58.476
      743        0.485        5.477            0      471.726      162.956       51.775
      744        0.623        5.417            0      470.798      137.461       52.398
      745        0.614        5.413            0      471.106      149.249       51.600
      746        0.398        5.450            0      472.719      138.490       54.870
      747        0.523        5.432            0      469.562      118.557       54.213
      748        0.645        5.473            0      472.494      134.218       53.489
      749        0.590        5.390            0      468.222      119.440       56.046
      750        0.548        5.441            0      472.348      102.531       51.834
      751        0.392        5.452            0      472.173      123.596       57.135
      752        0.654        5.512            0      474.520       99.180       54.034
      753        0.728        5.444            0      474.618       97.281       48.829
      754        0.713        5.474            0      474.488      116.731       51.840
      755        0.612        5.421            0      470.310      100.111       53.044
      756        0.713        5.518            0      474.983      126.911       55.053
      757        0.632        5.397            0      468.993       99.777       53.482
      758        0.609        5.389            0      471.135      109.636       51.587
      759        0.410        5.470            0      471.715      107.390       51.543
      760        0.646        5.423            0      470.785      112.670       49.964
      761        0.339        5.380            0      470.267      133.991       49.444
      762        0.524        5.484            0      474.580      138.212       48.889
      763        0.484        5.464            0      473.904      100.831       53.265
      764        0.347        5.440            0      470.920      134.037       48.869
      765        0.376        5.429            0      473.069      146.303       54.367
      766        0.301        5.445            0      469.193      106.718       47.905
      767        0.437        5.503            0      472.351      104.797       53.848
      768        0.330        5.403            0      467.128      104.209       49.633
      769        0.428        5.495            0      473.763      137.033       50.912
      770        0.358        5.474            0      470.272      138.300       48.307
      771        0.473        5.423            0      469.747      121.750       57.529
      772        0.363        5.415            0      467.160      142.946       53.316
      773        0.393        5.477            0      475.564      127.532       51.756
      774        0.512        5.460            0      472.699      124.509       52.955
      775        0.596        5.435            0      469.104      144.433       46.132
      776        0.747        5.504            0      474.120      119.273       52.298
      777        0.855        5.440            0      473.052      130.287       52.947
      778        0.846        5.530            0      481.479      131.731       52.360
      779        0.737        5.519            0      477.320      123.635       52.539
      780        0.852        5.417            0      472.746      113.630       50.661
      781        0.839        5.446            0      476.927      139.273       54.912
      782        0.765        5.472            0      474.605      133.704       51.634
      783        0.766        5.408            0      472.924      103.940       54.373
      784        0.492        5.406            0      472.355      134.551       51.493
      785        0.451        5.448            0      474.383      133.240       50.590
      786        0.713        5.426            0      475.900      123.913       55.048
      787        1.038        5.529            0      473.547       86.997       52.168
      788        0.763        5.432            0      471.610       89.251       51.217
      789        0.451        5.468            0      473.227      104.777       57.710
      790        0.766        5.453            0      471.554      125.801       51.501
      791        0.701        5.468            0      477.535      107.554       54.356
      792        0.649        5.464            0      476.033      121.884       49.291
      793        0.577        5.476            0      475.522      103.916       50.137
      794        0.654        5.496            0      471.603      110.494       52.388
      795        0.800        5.496            0      476.222      132.732       51.205
      796        0.530        5.464            0      476.278      112.223       48.309
      797        0.664        5.469            0      472.721      103.214       49.474
      798        0.732        5.445            0      474.909      121.390       53.760
      799        0.679        5.456            0      470.187      133.008       54.289
      800        0.460        5.438            0      472.903      122.419       52.335
      801        0.504        5.449            0      472.013      138.822       54.082
      802        0.498        5.478            0      469.723      130.735       46.566
      803        0.588        5.473            0      473.174      120.748       44.362
      804        0.559        5.498            0      475.008      140.348       50.687
      805        0.623        5.479            0      475.344      121.642       51.588
      806        0.508        5.492            0      472.655      120.992       51.079
      807        0.454        5.492            0      473.343      105.896       47.136
      808        0.573        5.436            0      474.320      141.309       52.539
      809        0.515        5.410            0      469.456      140.100       52.984
      810        0.370        5.451            0      473.024      114.378       47.733
      811        0.675        5.486            0      473.278      113.554       52.977
      812        0.602        5.474            0      470.913      104.376       54.270
      813        0.691        5.447            0      470.105      123.182       50.079
      814        0.487        5.449            0      473.641      118.782       50.914
      815        0.517        5.413            0      473.960       94.537       53.008
      816        0.409        5.393            0      468.876      108.060       47.774
      817        0.542        5.435            0      475.195      122.351       53.452
      818        0.456        5.442            0      471.547      119.603       53.991
      819        0.356        5.454            0      471.128      130.645       54.398
      820        0.452        5.477            0      471.090      114.262       50.915
      821        0.703        5.370            0      469.439      121.957       54.807
      822        0.573        5.518            0      477.192      114.898       53.447
      823        0.717        5.527            0      475.528      109.996       45.114
      824        0.563        5.453            0      470.921       93.761       45.583
      825        0.423        5.428            0      472.643      110.313       47.947
      826        0.322        5.418            0      469.691      110.126       50.767
      827        0.471        5.437            0      471.314      105.968       45.302
      828        0.584        5.436            0      473.482      113.309       46.690
      829        0.962        5.401            0      470.798      109.024       54.084
      830        1.215        5.397            0      470.829      104.296       52.785
      831        0.994        5.468            0      476.095      110.812       52.899
      832        1.114        5.366            0      472.122      112.134       53.417
      833        1.152        5.295            0      471.882      113.453       54.426
      834        0.953        5.401            0      470.018      103.897       52.331
      835        1.247        5.309            0      468.334      117.672       51.906
      836        1.089        5.352            0      472.141       90.555       58.387
      837        1.168        5.357            0      471.694       87.246       54.617
      838        1.118        5.295            0      465.556      100.493       51.726
      839        0.980        5.416            0      472.761      114.688       53.865
      840        1.300        5.329            0      471.669       93.181       52.546
      841        0.951        5.429            0      472.592      119.405       53.884
      842        1.295        5.269            0      468.174       96.945       52.368
      843        0.986        5.316            0      470.022      108.662       55.898
      844        1.207        5.345            0      470.821      116.757       48.670
      845        1.153        5.395            0      471.714      114.803       53.262
      846        1.077        5.380            0      473.768      116.801       53.347
      847        1.249        5.325            0      472.515      116.724       55.121
      848        1.122        5.394            0      474.591      105.372       51.723
      849        1.194        5.352            0      473.491      111.614       52.909
      850        1.016        5.458            0      475.677       79.286       49.529
      851        1.154        5.392            0      471.290      112.590       52.226
      852        1.052        5.331            0      468.918       95.018       54.200
      853        0.953        5.419            0      472.317      107.992       56.115
      854        1.247        5.307            0      467.175      104.098       51.914
      855        1.162        5.370            0      473.993      107.314       51.993
      856        1.245        5.265            0      471.443      116.224       53.089
      857        1.178        5.348            0      472.689      103.460       52.795
      858        1.143        5.372            0      473.119      100.952       49.914
      859        1.224        5.324            0      470.629      100.959       49.863
      860        1.076        5.325            0      467.382      116.322       52.579
      861        1.118        5.316            0      467.382       95.596       50.444
      862        1.164        5.324            0      470.695      111.638       50.877
      863        1.221        5.378            0      471.370      143.466       50.356
      864        1.068        5.374            0      472.456      107.721       53.724
      865        0.970        5.331            0      467.502      118.994       53.610
      866        1.039        5.424            0      473.898      112.187       54.227
      867        0.341        5.432            0      474.219      135.067       53.315
      868        0.777        5.498            0      474.659      109.366       53.606
      869        0.327        5.368            0      470.536      110.523       49.738
      870        0.530        5.434            0      469.668      149.365       52.106
      871        0.520        5.408            0      469.664      106.867       55.832
      872        0.700        5.505            0      476.506      117.357       53.838
      873        0.484        5.512            0      473.560      148.845       53.944
      874        0.622        5.413            0      470.237       98.305       43.833
      875        0.363        5.427            0      470.468      117.445       52.629
      876        0.280        5.397            0      471.292       99.522       54.269
      877        0.512        5.483            0      478.542       84.902       49.477
      878        0.508        5.438            0      469.461      107.482       50.540
      879        0.700        5.417            0      469.065       89.710       51.304
      880        0.740        5.495            0      474.717       80.618       52.764
      881        0.591        5.447            0      472.601       94.169       52.959
      882        0.638        5.409            0      472.810      122.509       52.450
      883        0.657        5.430            0      472.476      118.581       52.652
      884        0.735        5.433            0      470.730      102.342       54.128
      885        0.306        5.422            0      468.342      108.767       53.761
      886        0.499        5.449            0      468.725      122.383       53.301
      887        0.542        5.477            0      470.372      124.778       55.172
      888        0.588        5.502            0      470.458      129.450       49.884
      889        0.539        5.543            0      473.435      109.683       46.736
      890        0.431        5.459            0      473.230      106.252       48.181
      891        0.677        5.479            0      471.286       85.515       54.637
      892        0.854        5.478            0      474.976      105.378       50.510
      893        0.761        5.454            0      471.487      123.242       53.483
      894        0.692        5.505            0      473.330      118.286       50.664
      895        0.754        5.472            0      474.260      120.752       51.099
      896        0.911        5.469            0      472.288      125.271       51.671
      897        0.743        5.437            0      473.061      125.946       54.916
      898        0.911        5.405            0      469.446      130.984       52.635
      899        0.775        5.489            0      473.680      124.212       50.721
      900        0.604        5.511            0      474.711      116.784       52.411
      901        0.395        5.458            0      470.668      117.406       50.298
      902        0.589        5.452            0      473.203      130.205       51.446
      903        0.269        5.444            0      470.277      116.380       45.789
      904        0.431        5.458            0      471.766       93.924       44.522
      905        1.019        5.415            0      469.415       99.002       52.498
      906        1.187        5.391            0      476.320      114.742       55.920
      907        1.114        5.314            0      470.090       97.531       53.997
      908        1.430        5.248            0      468.812      120.138       55.187
      909        1.020        5.256            0      468.927       99.701       57.654
      910        1.517        5.176            0      465.232      114.492       53.952
      911        1.143        5.337            0      470.887      105.099       52.235
      912        1.421        5.319            0      472.405      106.734       50.512
      913        1.501        5.245            0      464.812      104.021       51.255
      914        1.167        5.215            0      463.109       75.289       48.778
      915        1.047        5.418            0      471.166      107.954       55.816
      916        1.013        5.340            0      470.144      107.387       56.105
      917        1.046        5.360            0      469.886      111.467       53.920
      918        1.322        5.297            0      467.824       91.274       51.378
      919        1.207        5.463            0      477.084      114.722       53.112
      920        1.021        5.324            0      471.183      105.673       53.635
      921        1.017        5.325            0      472.815      106.269       55.042
      922        1.222        5.329            0      470.987      121.969       51.057
      923        1.148        5.366            0      472.146      100.756       52.163
      924        1.107        5.372            0      472.134      119.686       54.558
      925        1.185        5.356            0      471.968      107.605       50.931
      926        0.896        5.377            0      470.362      106.066       52.704
      927        1.201        5.360            0      471.963      113.158       54.902
      928        1.183        5.366            0      472.484       72.679       54.770
      929        1.203        5.390            0      474.216       93.203       50.461
      930        1.216        5.186            0      462.295      108.563       56.467
      931        1.115        5.350            0      473.074       83.554       54.473
      932        1.334        5.285            0      468.295       83.802       53.506
      933        1.010        5.388            0      472.309       95.329       51.879
      934        1.234        5.362            0      472.815      110.401       51.177
      935        1.080        5.453            0      475.821      130.310       53.177
      936        0.926        5.348            0      467.599      112.415       52.352
      937        1.058        5.335            0      470.383      114.698       54.067
      938        1.171        5.324            0      469.701       93.385       52.040
      939        1.076        5.388            0      472.920       92.632       53.237
      940        0.949        5.442            0      474.334       95.325       54.518
      941        1.020        5.339            0      470.452      115.666       55.316
      942        1.265        5.363            0      471.445      106.862       52.257
      943        1.046        5.445            0      476.078      119.166       54.406
      944        1.033        5.350            0      470.348      105.056       53.538
      945        0.991        5.360            0      471.384       83.069       51.198
      946        1.129        5.401            0      473.204      114.168       50.695
      947        1.201        5.271            0      470.006      112.766       53.683
      948        1.137        5.365            0      473.467      120.924       54.466
      949        1.015        5.436            0      473.195      108.472       51.048
      950        1.113        5.359            0      474.594      100.361       53.169
      951        1.111        5.341            0      468.582      113.419       53.523
      952        1.094        5.244            0      464.476       79.256       55.196
      953        1.319        5.198            0      463.228      105.961       51.095
      954        1.117        5.353            0      471.632      108.054       54.053
      955        1.204        5.318            0      471.324      111.643       56.023
      956        1.411        5.293            0      472.849      125.443       51.780
      957        1.208        5.311            0      468.393      116.648       51.786
      958        1.193        5.312            0      469.616      125.004       53.246
      959        1.176        5.301            0      468.563      113.745       56.737
      960        0.987        5.385            0      475.320      112.998       55.366
      961        1.167        5.315            0      467.222      114.179       57.383
      962        1.086        5.290            0      468.121      111.331       56.293
      963        1.071        5.471            0      473.614       97.088       54.079
      964        1.248        5.248            0      465.890       91.755       54.238
      965        1.074        5.358            0      471.799      100.899       52.453
      966        1.224        5.316            0      472.147      110.293       52.705
      967        1.033        5.355            0      468.239      128.448       54.008
      968        1.152        5.344            0      468.992      114.612       52.375
      969        0.956        5.400            0      472.588       98.149       52.174
      970        1.155        5.307            0      470.620       89.591       55.446
      971        1.260        5.312            0      470.320      109.599       51.517
      972        1.100        5.318            0      468.362       99.578       52.329
      973        1.180        5.338            0      473.057      105.122       55.596
      974        1.076        5.339            0      470.300      110.973       56.626
      975        1.136        5.322            0      471.337      104.294       54.019
      976        1.076        5.338            0      472.209      130.093       54.517
      977        1.187        5.262            0      467.045      101.805       53.522
      978        1.048        5.313            0      467.779      130.020       53.890
      979        1.202        5.333            0      471.068      140.428       50.098
      980        1.179        5.357            0      473.877      113.680       52.585
      981        1.101        5.354            0      473.073      153.518       54.124
      982        1.113        5.348            0      471.216      129.544       53.386
      983        1.111        5.301            0      472.063      115.031       53.819
      984        1.057        5.382            0      473.879      107.693       53.571
      985        1.150        5.324            0      472.370       94.715       54.428
      986        1.228        5.294            0      472.061      103.440       52.848
      987        1.339        5.294            0      471.703      108.400       51.255
      988        1.127        5.384            0      474.121      120.460       53.963
      989        1.034        5.355            0      472.627      111.325       55.818
      990        0.956        5.395            0      472.142      121.900       52.187
      991        1.242        5.345            0      470.182      120.909       51.629
      992        1.029        5.334            0      469.949      121.482       55.912
      993        1.069        5.377            0      474.824       97.415       53.321
      994        1.150        5.254            0      467.728       98.900       54.908
      995        1.349        5.252            0      466.886      115.327       54.598
      996        1.098        5.320            0      470.954      104.410       55.456
      997        1.535        5.256            0      473.221       91.476       49.104
      998        1.075        5.251            0      465.263      100.443       57.245
      999        1.011        5.339            0      474.330      103.289       52.862
     1000        1.088        5.335            0      469.523      103.001       54.175
