  Frame #         RMSD         rGyr      intraHB        MolSA         SASA          PSA
        0        0.000        6.681            0      758.052      363.870       95.356
        1        2.141        5.833            0      685.997      275.569       61.578
        2        2.043        5.914            0      698.891      309.876       67.697
        3        2.049        5.903            0      694.818      257.074       68.649
        4        1.993        5.957            0      699.855      263.688       70.380
        5        1.696        6.057            0      712.008      230.309       65.498
        6        1.909        6.008            0      705.386      242.949       62.629
        7        1.911        5.965            0      694.434      275.182       60.859
        8        1.785        6.151            0      710.382      368.220       84.031
        9        1.917        6.025            0      711.178      301.474       79.720
       10        1.785        6.019            0      702.235      280.792       72.027
       11        1.512        6.242            0      711.223      323.640       69.970
       12        2.020        5.936            0      699.773      289.518       77.809
       13        1.632        6.025            0      700.011      330.443       70.342
       14        1.974        5.983            0      696.630      289.081       59.824
       15        2.090        5.814            0      684.105      274.067       69.118
       16        1.601        6.094            0      695.596      291.009       54.138
       17        1.515        6.163            0      716.192      310.226       65.436
       18        1.677        6.173            0      722.002      292.184       75.454
       19        2.095        6.143            0      740.874      285.223       83.441
       20        2.254        5.903            0      710.104      185.729       85.186
       21        2.066        6.024            0      723.783      209.700       83.019
       22        2.220        5.958            0      717.261      196.150       85.415
       23        2.024        6.017            0      720.629      246.016       75.068
       24        1.763        6.110            0      716.265      238.477       69.221
       25        2.134        6.002            0      713.782      206.450       65.502
       26        2.089        5.992            0      717.193      199.621       84.942
       27        1.893        5.937            0      695.697      215.940       62.647
       28        1.807        6.038            0      708.711      218.888       66.290
       29        1.719        6.119            0      723.433      237.027       69.434
       30        1.785        5.981            0      700.582      240.930       73.863
       31        2.141        5.918            0      703.979      235.521       66.930
       32        1.861        5.897            0      699.147      236.503       79.339
       33        1.910        5.947            0      709.805      245.074       80.186
       34        1.858        5.894            0      690.278      254.385       77.158
       35        2.165        5.894            0      705.280      217.579       87.273
       36        1.917        5.902            0      704.703      245.513       85.125
       37        1.708        6.048            0      715.961      282.937       85.025
       38        1.999        5.873            0      697.600      276.091       84.639
       39        2.028        5.915            0      708.895      258.682       81.481
       40        1.772        6.001            0      704.586      254.461       75.037
       41        2.346        5.852            0      689.168      277.950       79.673
       42        2.064        5.947            0      702.603      254.032       71.609
       43        1.699        6.073            0      711.857      279.275       74.426
       44        1.964        5.877            0      702.071      314.354       80.747
       45        1.720        5.942            0      700.382      297.574       78.047
       46        1.829        5.948            0      699.426      278.352       82.409
       47        1.929        5.913            0      699.069      265.967       80.868
       48        2.021        5.956            0      710.848      269.264       81.752
       49        2.308        6.022            0      723.549      239.566       75.570
       50        2.268        6.025            0      733.353      314.465       82.459
       51        1.846        6.395            0      757.402      387.516       88.512
       52        1.987        6.283            0      763.303      305.786       85.920
       53        1.945        6.344            0      760.979      309.296       80.516
       54        1.956        6.868            0      766.819      414.950       89.040
       55        1.647        6.873            0      763.017      471.592       82.566
       56        1.994        6.841            0      763.693      465.793       79.386
       57        2.150        6.732            0      756.475      441.233       78.349
       58        2.021        7.039            0      761.017      457.004       86.048
       59        2.053        7.052            0      751.260      442.556       75.005
       60        2.112        7.347            0      751.472      425.457       82.760
       61        2.201        7.281            0      749.182      397.643       85.018
       62        2.171        7.339            0      747.860      407.675       85.955
       63        2.227        7.369            0      739.271      365.057       82.937
       64        2.130        7.344            0      745.890      402.328       88.725
       65        2.111        7.351            0      747.543      442.221       84.177
       66        2.226        7.348            0      745.235      383.857       82.826
       67        2.219        7.393            0      751.680      396.039       87.519
       68        2.544        7.687            0      752.662      348.276       92.743
       69        2.235        7.413            0      748.651      362.977       85.506
       70        2.297        7.419            0      752.748      343.361       86.322
       71        2.305        7.514            0      747.989      341.496       83.571
       72        2.398        7.519            0      746.263      336.747       84.567
       73        2.234        7.336            0      753.863      383.149       86.856
       74        2.220        7.397            0      746.841      343.400       81.056
       75        2.304        7.520            0      753.851      335.635       89.389
       76        2.385        7.646            0      751.999      360.965       85.757
       77        2.240        7.528            0      754.162      388.832       83.622
       78        2.509        7.838            0      762.160      374.578       85.677
       79        2.488        7.741            0      754.733      369.995       83.571
       80        2.189        7.632            0      759.446      371.469       98.288
       81        2.382        7.678            0      751.603      367.291       95.175
       82        2.727        7.856            0      760.122      355.166       84.309
       83        2.316        7.433            0      747.587      333.713       92.651
       84        2.677        7.861            0      762.638      327.360       89.270
       85        2.180        7.494            0      747.227      337.511       93.663
       86        2.339        7.581            0      748.306      365.043       97.007
       87        2.212        7.547            0      746.041      320.895       95.852
       88        2.246        7.590            0      753.384      351.384       92.244
       89        2.294        7.647            0      752.976      365.789       91.269
       90        2.433        7.807            0      755.981      343.963       91.260
       91        2.773        8.035            0      765.674      349.649       95.597
       92        2.866        8.118            0      766.113      327.361       88.175
       93        2.591        7.813            0      756.207      352.741       86.426
       94        2.541        7.830            0      758.518      368.442       94.186
       95        2.614        7.796            0      756.623      345.908       90.255
       96        2.458        7.768            0      754.402      368.309       92.168
       97        2.614        7.859            0      754.296      360.441       91.331
       98        2.659        7.976            0      759.748      342.837       91.057
       99        2.728        7.925            0      760.002      310.528       92.447
      100        2.662        7.940            0      760.139      318.597       91.553
      101        2.533        7.797            0      751.725      315.311       83.205
      102        2.796        8.006            0      770.535      330.417       85.362
      103        2.556        7.890            0      762.844      375.873       88.546
      104        2.791        7.871            0      756.231      354.124       91.682
      105        2.684        7.935            0      761.391      338.256       87.773
      106        2.575        7.713            0      753.098      375.144       81.793
      107        2.474        7.642            0      747.791      382.009       87.406
      108        2.575        7.831            0      758.330      352.077       85.033
      109        2.554        7.591            0      749.548      359.960       87.564
      110        2.505        7.658            0      746.784      365.251       87.904
      111        2.760        7.967            0      762.069      367.034       89.877
      112        2.583        7.760            0      753.021      345.426       85.332
      113        2.600        7.828            0      757.727      373.458       90.727
      114        2.501        7.738            0      757.450      371.109       87.983
      115        2.606        7.806            0      754.185      343.203       90.032
      116        2.333        7.617            0      751.289      345.729       88.919
      117        2.447        7.750            0      757.209      380.785       94.648
      118        2.453        7.781            0      757.631      329.621       90.463
      119        2.331        7.567            0      744.610      349.807       88.729
      120        2.574        7.774            0      754.714      335.436       90.728
      121        2.569        7.842            0      754.798      344.512       92.176
      122        2.787        7.810            0      759.095      354.491       83.108
      123        2.821        7.966            0      772.950      388.873       87.904
      124        2.787        7.823            0      763.335      386.144       84.813
      125        2.927        7.954            0      763.102      369.614       87.484
      126        2.860        8.073            0      766.645      361.027       88.862
      127        2.621        7.885            0      761.854      399.629       89.877
      128        2.646        7.837            0      759.594      376.639       86.496
      129        2.283        7.621            0      749.085      368.126       89.427
      130        2.591        7.922            0      761.861      382.340       93.867
      131        2.674        7.762            0      757.734      381.693       82.483
      132        2.711        7.855            0      757.053      373.042       78.824
      133        2.866        8.076            0      774.384      375.261       81.933
      134        2.608        7.823            0      754.367      335.609       89.922
      135        2.793        7.849            0      755.221      339.718       85.497
      136        2.567        7.707            0      752.158      387.799       90.733
      137        2.762        8.009            0      765.412      380.947       91.496
      138        2.763        8.006            0      763.568      388.967       90.130
      139        2.808        8.102            0      775.909      391.784       85.143
      140        2.758        7.923            0      760.807      389.232       84.960
      141        2.993        8.177            0      777.087      338.531       92.635
      142        2.797        8.052            0      767.801      367.807       88.342
      143        2.830        8.049            0      765.161      339.407       94.247
      144        2.755        7.956            0      764.401      372.296       90.372
      145        2.792        7.999            0      770.912      357.532       85.513
      146        2.723        8.006            0      764.939      372.024       90.824
      147        2.762        8.056            0      769.117      350.079       84.734
      148        2.671        8.079            0      766.221      365.780       97.438
      149        2.714        7.985            0      762.910      345.573       88.896
      150        2.625        7.930            0      754.502      358.316       91.474
      151        2.655        7.872            0      762.140      357.739       82.960
      152        2.652        7.908            0      763.448      328.231       89.682
      153        2.600        7.747            0      748.483      350.700       85.727
      154        2.705        7.912            0      757.200      346.220       90.497
      155        2.654        7.842            0      756.496      337.637       92.125
      156        2.615        7.891            0      758.168      356.675       86.238
      157        2.705        7.839            0      752.887      351.895       91.090
      158        2.596        7.893            0      760.070      381.008       89.597
      159        2.929        7.979            0      768.045      367.049       81.435
      160        2.882        8.155            0      770.974      356.525       88.429
      161        2.864        7.990            0      763.365      363.556       82.457
      162        3.020        8.086            0      771.696      333.479       83.514
      163        2.880        8.019            0      766.701      366.342       94.407
      164        2.883        8.087            0      767.466      351.022       91.853
      165        2.897        8.131            0      772.502      325.117       84.167
      166        2.881        8.031            0      768.266      348.663       90.651
      167        2.586        7.774            0      754.088      347.309       89.588
      168        2.456        7.797            0      763.868      338.900       90.593
      169        2.940        8.132            0      768.533      312.599       88.929
      170        2.903        8.086            0      773.573      347.224       85.887
      171        2.849        8.060            0      768.351      350.046       87.113
      172        2.801        7.988            0      762.153      333.392       95.710
      173        2.900        8.114            0      775.699      334.550       86.572
      174        2.623        7.899            0      765.097      362.798       87.973
      175        2.766        7.895            0      760.540      374.958       82.604
      176        2.994        8.135            0      770.887      328.004       88.939
      177        2.861        8.115            0      769.172      334.077       87.225
      178        2.683        7.904            0      770.648      355.400       87.410
      179        2.919        8.060            0      776.672      366.538       84.862
      180        2.922        8.046            0      766.694      352.282       85.851
      181        3.009        8.004            0      762.224      364.555       92.355
      182        3.166        8.111            0      763.479      347.031       90.814
      183        3.021        8.080            0      767.186      358.322       83.715
      184        2.904        8.033            0      762.888      357.174       85.124
      185        3.258        8.121            0      771.110      431.969       81.385
      186        3.014        7.911            0      756.493      393.517       95.752
      187        3.206        8.229            0      773.634      404.931       85.096
      188        3.043        8.088            0      769.689      391.805       81.362
      189        2.858        7.969            0      768.142      418.018       89.587
      190        2.456        7.639            0      750.243      426.390       87.502
      191        2.843        8.022            0      767.104      432.845       93.426
      192        2.917        7.959            0      763.758      433.504       87.242
      193        2.998        8.081            0      770.718      388.639       81.990
      194        2.375        7.579            0      745.859      423.353       83.165
      195        2.549        7.809            0      755.723      446.289       88.856
      196        2.838        7.884            0      758.819      405.296       87.747
      197        2.876        7.985            0      768.692      410.350       86.404
      198        2.840        7.996            0      760.684      399.679       93.372
      199        2.905        7.995            0      762.325      392.997       89.142
      200        2.857        7.956            0      762.691      421.067       87.637
      201        2.452        7.601            0      753.674      371.679       79.702
      202        2.535        7.790            0      755.452      420.398       89.293
      203        2.521        7.743            0      758.799      400.129       86.639
      204        2.523        7.669            0      755.783      391.508       79.677
      205        2.560        7.791            0      754.457      429.380       92.499
      206        2.799        7.919            0      766.521      444.656       87.017
      207        2.726        7.922            0      761.378      416.577       89.763
      208        2.803        7.961            0      764.438      403.997       84.429
      209        2.685        7.834            0      758.087      436.605       82.913
      210        2.913        8.001            0      763.533      428.420       92.829
      211        2.759        7.831            0      754.576      412.809       90.102
      212        2.573        7.728            0      752.101      394.369       85.128
      213        2.639        7.816            0      757.319      422.028       92.123
      214        2.456        7.803            0      756.442      429.249       91.032
      215        2.315        7.737            0      760.399      417.985       87.591
      216        2.312        7.614            0      751.172      399.206       91.611
      217        2.290        7.564            0      752.170      383.111       88.765
      218        2.534        7.775            0      757.685      419.566       84.305
      219        2.379        7.687            0      752.908      388.083       87.914
      220        2.611        7.881            0      766.012      406.630       93.408
      221        2.605        7.734            0      759.081      433.982       88.097
      222        2.612        7.801            0      759.983      435.566       88.971
      223        2.520        7.676            0      758.281      439.884       82.267
      224        2.798        7.980            0      762.343      433.084       87.390
      225        2.546        7.809            0      756.169      404.299       90.923
      226        2.686        7.845            0      759.960      395.603       87.581
      227        2.934        7.881            0      754.819      409.183       83.372
      228        2.688        7.760            0      755.354      384.365       89.855
      229        2.707        7.835            0      764.072      432.371       89.965
      230        3.046        8.158            0      768.069      443.958       87.296
      231        2.585        7.800            0      765.228      439.136       82.956
      232        3.222        8.135            0      768.314      439.008       86.111
      233        2.742        7.903            0      755.607      461.042       92.043
      234        2.643        7.880            0      763.489      472.450       83.344
      235        2.714        7.854            0      762.866      422.212       90.115
      236        2.819        7.837            0      757.248      427.649       94.530
      237        2.597        7.853            0      758.625      425.919       82.735
      238        2.569        7.642            0      748.540      414.292       91.675
      239        3.028        7.783            0      756.120      396.952       84.957
      240        3.044        7.801            0      758.021      414.555       79.767
      241        2.879        7.659            0      748.563      392.102       79.361
      242        2.729        7.504            0      743.842      375.428       82.639
      243        2.803        7.694            0      754.719      416.634       81.580
      244        2.591        7.465            0      747.053      400.962       84.558
      245        2.753        7.819            0      759.584      406.129       79.342
      246        3.115        8.024            0      771.056      373.962       87.192
      247        3.297        8.199            0      770.343      398.027       86.355
      248        2.864        7.998            0      768.622      376.064       91.375
      249        2.812        7.895            0      764.201      366.933       88.087
      250        3.073        8.013            0      769.220      402.244       88.036
      251        3.226        8.197            0      768.010      403.768       87.122
      252        2.921        7.948            0      763.579      407.125       88.711
      253        3.066        7.954            0      762.315      412.992       80.471
      254        2.990        8.024            0      758.440      400.774       85.202
      255        2.820        7.839            0      756.637      379.853       88.209
      256        2.831        7.903            0      752.743      370.122       87.765
      257        3.023        8.047            0      760.829      390.406       89.793
      258        2.837        7.967            0      761.457      410.313       88.523
      259        2.815        7.917            0      761.560      398.132       87.114
      260        2.915        7.887            0      756.323      412.714       93.891
      261        2.635        7.894            0      765.153      438.647       82.993
      262        2.512        7.598            0      755.420      415.212       85.865
      263        2.657        7.735            0      755.914      392.713       91.482
      264        2.643        7.801            0      755.898      419.996       88.440
      265        2.527        7.604            0      751.704      417.763       84.183
      266        2.810        7.912            0      762.962      400.067       91.429
      267        2.787        7.913            0      758.163      384.013       95.619
      268        2.831        7.874            0      758.523      417.844       88.586
      269        2.984        8.008            0      764.797      403.518       93.547
      270        3.035        8.079            0      763.253      418.391       89.870
      271        2.978        8.101            0      763.438      418.393       89.189
      272        3.116        8.150            0      766.291      430.024       87.939
      273        3.093        8.029            0      765.866      401.989       87.794
      274        3.228        8.133            0      762.323      392.199       90.382
      275        3.154        8.068            0      763.252      349.993       83.341
      276        3.278        8.222            0      770.698      387.902       88.579
      277        3.344        8.353            0      776.595      411.820       90.707
      278        3.331        8.071            0      762.975      410.241       87.141
      279        3.396        8.154            0      765.195      379.432       92.266
      280        3.433        8.091            0      761.292      429.556       85.822
      281        3.478        8.252            0      765.492      414.547       86.349
      282        3.045        8.111            0      761.933      392.620       88.981
      283        3.513        8.356            0      772.174      416.199       84.528
      284        3.183        8.239            0      770.457      401.676       91.954
      285        3.451        8.213            0      765.688      375.301       88.992
      286        3.338        8.249            0      764.643      390.970       87.217
      287        3.290        8.181            0      765.350      383.676       92.292
      288        3.384        8.214            0      765.931      393.279       86.726
      289        3.670        8.244            0      771.320      429.559       81.466
      290        3.158        8.063            0      765.392      400.448       83.182
      291        3.300        8.161            0      767.606      386.112       84.617
      292        2.962        7.952            0      754.395      371.003       87.869
      293        3.158        7.994            0      762.496      365.373       92.906
      294        3.007        8.040            0      762.027      380.828       85.875
      295        3.177        8.000            0      762.194      381.716       90.958
      296        3.255        8.035            0      756.248      396.187       88.543
      297        2.850        7.832            0      752.514      351.153       93.025
      298        3.126        8.026            0      762.899      364.212       86.100
      299        2.912        7.897            0      756.674      382.645       85.245
      300        3.219        8.100            0      762.459      409.440       82.610
      301        3.503        8.125            0      769.514      415.055       89.397
      302        2.901        7.975            0      758.745      427.763       91.298
      303        2.998        7.867            0      755.600      395.451       89.383
      304        3.267        8.076            0      763.426      377.436       83.189
      305        3.254        8.207            0      764.708      403.658       90.110
      306        3.148        8.182            0      772.936      417.583       89.594
      307        3.316        8.263            0      771.544      406.915       91.032
      308        2.974        8.008            0      759.328      440.127       93.821
      309        3.308        8.127            0      758.303      397.947       91.303
      310        3.254        8.123            0      764.026      408.003       91.830
      311        3.261        8.128            0      774.873      386.427       86.490
      312        3.344        8.005            0      757.011      361.569       85.862
      313        3.252        8.037            0      761.867      367.353       84.074
      314        3.072        7.858            0      767.487      383.622       87.832
      315        3.253        7.865            0      758.128      419.644       77.641
      316        3.630        8.213            0      766.398      423.950       78.811
      317        3.616        7.924            0      761.354      388.358       76.853
      318        3.346        7.930            0      763.530      387.560       81.348
      319        3.612        7.810            0      764.221      382.465       76.485
      320        3.369        7.857            0      756.221      413.769       78.987
      321        3.045        7.821            0      758.850      376.317       86.869
      322        3.006        7.740            0      759.076      398.490       85.444
      323        3.004        7.742            0      762.531      424.166       79.443
      324        2.868        7.774            0      755.139      429.804       78.725
      325        3.260        8.011            0      762.321      419.052       83.979
      326        2.926        7.894            0      760.528      413.413       87.352
      327        3.067        7.997            0      762.910      440.458       84.212
      328        3.183        7.940            0      758.169      415.342       89.404
      329        3.164        8.150            0      769.424      451.588       87.750
      330        3.286        8.082            0      766.583      443.710       85.944
      331        3.286        7.973            0      759.047      477.963       86.217
      332        3.249        8.212            0      770.584      474.713       86.205
      333        3.482        8.216            0      765.401      495.126       84.706
      334        3.360        8.174            0      764.025      456.924       87.361
      335        3.205        8.215            0      765.680      504.947       83.899
      336        3.551        8.292            0      766.470      542.904       81.279
      337        3.343        8.257            0      772.682      531.509       85.359
      338        3.071        7.877            0      761.154      503.273       84.247
      339        3.534        8.073            0      760.269      513.842       81.956
      340        3.198        8.283            0      778.372      482.162       91.038
      341        3.345        8.047            0      764.506      518.303       88.875
      342        3.306        8.150            0      769.556      538.122       90.067
      343        3.596        8.370            0      770.167      530.221       85.597
      344        3.121        8.210            0      770.180      490.946       95.123
      345        2.960        8.115            0      769.986      452.730       84.964
      346        3.263        8.332            0      776.531      461.689       87.555
      347        3.180        8.171            0      766.431      395.767       87.312
      348        3.271        8.196            0      774.479      437.198       88.458
      349        3.315        8.125            0      761.913      432.150       78.082
      350        3.279        8.257            0      770.221      444.076       89.343
      351        3.184        8.144            0      772.644      405.763       85.690
      352        3.354        8.216            0      764.506      411.235       84.430
      353        3.669        8.289            0      766.649      446.105       88.614
      354        3.524        8.503            0      774.810      465.444       86.644
      355        3.407        8.327            0      770.355      412.414       92.788
      356        3.116        8.268            0      776.934      405.170       90.574
      357        3.260        8.277            0      774.526      430.912       88.233
      358        3.414        8.297            0      770.786      398.967       89.806
      359        3.329        8.114            0      760.013      379.771       90.999
      360        3.306        8.189            0      767.722      441.413       91.225
      361        3.092        8.234            0      774.875      409.315       94.879
      362        3.302        8.220            0      768.760      396.991       89.678
      363        3.222        8.278            0      766.859      375.891       89.668
      364        3.361        8.117            0      769.224      413.024       87.382
      365        3.259        8.218            0      769.226      436.492       90.075
      366        3.112        8.048            0      761.378      434.782       85.976
      367        3.311        8.171            0      765.982      411.803       87.226
      368        3.263        8.128            0      769.336      438.754       84.170
      369        3.019        7.980            0      758.921      459.427       89.578
      370        2.821        7.890            0      760.309      481.210       87.143
      371        3.158        7.886            0      756.125      428.421       77.710
      372        3.207        8.067            0      764.497      431.233       86.441
      373        3.184        7.949            0      760.852      441.850       87.333
      374        3.267        8.007            0      763.976      427.402       91.211
      375        3.381        8.203            0      768.580      440.862       85.745
      376        3.494        8.364            0      769.419      413.433       90.690
      377        3.035        8.104            0      764.826      391.295       94.037
      378        3.356        8.259            0      772.491      464.697       87.398
      379        3.343        8.285            0      769.252      428.118       94.475
      380        3.252        7.960            0      753.682      432.072       83.859
      381        3.026        7.791            0      754.682      436.788       86.891
      382        3.045        7.768            0      757.805      444.440       87.146
      383        3.304        8.166            0      761.700      440.136       84.769
      384        3.481        8.232            0      770.554      426.187       89.721
      385        3.258        8.023            0      761.243      403.716       90.805
      386        3.192        8.091            0      771.669      402.994       84.840
      387        3.542        8.088            0      771.877      415.120       78.011
      388        3.006        7.741            0      747.467      398.692       88.095
      389        3.233        7.888            0      759.967      406.631       84.535
      390        2.781        7.742            0      754.055      374.741       85.763
      391        3.075        8.152            0      770.237      425.207       86.760
      392        3.546        8.367            0      771.996      379.339       88.286
      393        2.945        7.823            0      754.828      396.467       91.700
      394        2.949        7.960            0      764.307      376.450       91.538
      395        3.023        8.096            0      766.334      386.921       86.450
      396        3.128        8.086            0      765.879      379.210       84.186
      397        2.951        7.989            0      761.406      388.786       85.407
      398        3.100        8.044            0      761.801      398.865       92.543
      399        3.274        8.110            0      763.986      383.494       88.135
      400        3.000        8.070            0      768.012      389.627       84.836
      401        3.131        7.923            0      757.729      383.365       81.455
      402        3.285        8.236            0      773.851      397.388       83.059
      403        2.838        7.827            0      757.807      391.699       83.845
      404        3.450        8.218            0      763.209      402.710       89.293
      405        3.051        8.011            0      759.363      369.570       89.889
      406        3.095        8.179            0      771.044      420.983       89.115
      407        3.430        8.300            0      770.545      427.903       96.480
      408        3.487        8.352            0      776.847      418.177       93.439
      409        3.271        8.105            0      758.786      370.847       85.530
      410        3.466        8.204            0      764.640      399.364       84.823
      411        3.381        8.277            0      769.228      395.697       90.683
      412        3.178        8.000            0      765.038      390.361       85.547
      413        3.213        8.257            0      770.984      401.747       94.030
      414        3.257        7.906            0      760.693      418.593       91.520
      415        3.173        8.153            0      769.751      425.778       88.167
      416        3.447        8.273            0      764.594      438.611       92.673
      417        2.957        7.906            0      762.516      399.453       90.417
      418        3.102        8.109            0      766.623      440.729       88.063
      419        2.807        7.873            0      760.120      440.492       98.373
      420        2.828        7.921            0      760.992      448.460       91.604
      421        3.192        7.978            0      761.377      429.704       88.006
      422        3.165        7.954            0      760.309      426.398       87.598
      423        3.303        8.021            0      757.197      443.497       81.737
      424        3.259        8.084            0      767.471      406.178       90.366
      425        3.009        8.103            0      766.411      435.267       86.218
      426        3.375        8.443            0      771.428      500.362       89.243
      427        3.251        8.309            0      770.293      447.954       95.455
      428        3.324        8.478            0      779.194      423.123       89.044
      429        3.408        8.558            0      778.410      422.854       90.987
      430        3.444        8.532            0      781.831      405.002       84.669
      431        3.514        8.471            0      766.882      378.564       89.153
      432        3.376        8.328            0      768.387      381.315       85.436
      433        3.230        8.121            0      759.395      383.915       88.936
      434        3.022        8.135            0      768.616      407.075       80.140
      435        3.252        8.438            0      775.044      412.040       88.662
      436        3.309        8.309            0      763.853      438.325       89.293
      437        3.867        8.616            0      774.062      423.513       87.681
      438        3.727        8.566            0      778.347      454.203       82.433
      439        3.507        8.477            0      777.574      437.676       87.239
      440        3.297        8.373            0      775.813      442.447       86.557
      441        3.437        8.461            0      772.710      449.418       85.122
      442        3.383        8.455            0      774.494      428.663       87.601
      443        3.548        8.620            0      779.036      493.089       90.697
      444        3.435        8.422            0      774.636      460.834       85.891
      445        3.359        8.394            0      775.424      491.128       87.412
      446        3.280        8.437            0      771.235      494.040       89.678
      447        3.233        8.322            0      771.098      448.956       80.915
      448        2.952        8.187            0      769.189      498.456       88.476
      449        3.081        8.280            0      773.925      475.599       90.545
      450        3.109        8.321            0      776.192      469.049       87.941
      451        3.214        8.298            0      767.215      419.074       88.231
      452        3.204        8.436            0      777.940      423.455       85.141
      453        3.229        8.346            0      765.351      405.600       89.370
      454        3.009        8.332            0      773.188      448.817       90.417
      455        2.896        8.145            0      761.824      387.416       91.924
      456        3.100        8.169            0      765.357      435.964       84.490
      457        3.041        8.182            0      768.023      437.192       90.527
      458        3.209        8.247            0      764.298      417.257       86.402
      459        2.843        8.129            0      766.156      455.123       92.659
      460        3.203        8.256            0      767.318      428.456       85.783
      461        3.053        8.258            0      768.682      451.255       89.090
      462        2.978        8.107            0      764.799      466.333       81.169
      463        3.216        8.320            0      774.672      442.985       88.999
      464        3.303        8.348            0      769.999      409.494       90.297
      465        3.142        8.182            0      765.253      407.412       87.777
      466        2.809        8.082            0      766.688      421.468       88.837
      467        2.968        8.125            0      770.839      400.698       82.508
      468        3.238        8.331            0      767.419      442.879       89.896
      469        2.946        8.186            0      765.548      423.427       86.280
      470        3.102        8.282            0      771.206      436.569       86.433
      471        3.158        8.332            0      771.123      430.756       93.926
      472        3.278        8.382            0      772.412      415.661       84.544
      473        3.482        8.606            0      774.728      389.628       90.565
      474        3.419        8.515            0      776.721      407.491       89.274
      475        3.553        8.487            0      777.245      435.671       89.575
      476        3.597        8.502            0      771.681      386.027       88.886
      477        3.224        8.359            0      773.131      379.862       84.979
      478        3.252        8.428            0      777.442      394.326       89.271
      479        3.256        8.401            0      769.850      358.909       87.378
      480        3.272        8.319            0      769.562      364.951       85.527
      481        3.242        8.357            0      768.069      357.586       84.621
      482        3.397        8.383            0      769.013      341.197       90.210
      483        3.281        8.307            0      768.802      358.058       90.390
      484        3.127        8.339            0      776.318      386.391       85.481
      485        3.013        8.104            0      771.137      379.516       86.098
      486        3.343        8.467            0      773.965      369.012       92.311
      487        3.441        8.486            0      770.321      374.690       81.561
      488        3.272        8.222            0      770.185      353.609       91.693
      489        3.440        8.419            0      772.589      353.013       88.118
      490        3.282        8.276            0      769.926      393.681       89.009
      491        3.486        8.482            0      774.852      388.566       88.552
      492        3.242        8.318            0      767.198      388.055       85.850
      493        3.478        8.541            0      775.991      366.507       86.252
      494        3.289        8.484            0      771.827      416.507       95.181
      495        3.311        8.417            0      773.450      370.288       91.234
      496        3.552        8.532            0      775.896      408.451       87.785
      497        3.445        8.412            0      768.129      393.449       84.116
      498        3.706        8.646            0      772.386      378.247       83.462
      499        3.353        8.286            0      770.552      399.379       91.108
      500        3.485        8.435            0      773.604      401.324       90.406
      501        3.230        8.328            0      767.306      394.113       87.749
      502        3.594        8.543            0      774.368      353.575       91.049
      503        3.425        8.510            0      772.961      343.877       93.254
      504        3.464        8.341            0      770.517      369.404       86.316
      505        3.244        8.356            0      771.253      376.096       87.413
      506        3.322        8.357            0      769.408      369.291       85.503
      507        3.298        8.323            0      767.556      403.986       90.359
      508        3.184        8.206            0      763.527      393.665       84.663
      509        3.666        8.658            0      777.956      369.724       89.727
      510        3.423        8.392            0      772.836      352.187       86.881
      511        3.166        8.237            0      764.222      374.898       85.814
      512        3.497        8.462            0      777.277      376.345       83.766
      513        3.368        8.457            0      771.816      364.577       89.378
      514        3.243        8.342            0      772.634      354.840       88.313
      515        3.665        8.632            0      781.730      385.363       81.444
      516        3.292        8.503            0      783.665      390.707       84.042
      517        3.320        8.419            0      766.640      381.554       92.251
      518        3.474        8.548            0      776.533      410.907       84.812
      519        3.494        8.513            0      775.661      391.192       84.436
      520        3.470        8.514            0      773.822      398.948       89.436
      521        3.464        8.560            0      778.081      391.511       83.517
      522        3.277        8.330            0      776.200      368.245       85.972
      523        3.299        8.414            0      773.408      364.671       89.596
      524        3.230        8.260            0      765.261      348.810       86.920
      525        3.175        8.383            0      775.251      373.664       91.273
      526        3.400        8.536            0      773.736      369.553       88.730
      527        3.032        8.203            0      770.455      397.114       83.096
      528        3.245        8.380            0      774.623      407.732       88.447
      529        2.846        7.962            0      756.641      399.328       90.047
      530        3.182        8.303            0      771.512      371.875       88.977
      531        3.242        8.382            0      771.504      382.635       87.216
      532        3.189        8.379            0      771.930      398.604       87.126
      533        3.403        8.474            0      777.182      369.092       83.666
      534        3.132        8.286            0      768.521      366.818       87.839
      535        3.359        8.325            0      767.153      328.183       81.113
      536        3.365        8.442            0      769.494      360.130       83.388
      537        3.157        8.287            0      767.228      385.260       96.954
      538        3.455        8.406            0      769.636      407.333       86.374
      539        3.106        8.337            0      773.937      382.288       88.358
      540        3.125        8.270            0      764.088      409.335       88.164
      541        2.822        7.988            0      758.440      381.944       90.074
      542        2.763        7.902            0      754.548      388.872       88.005
      543        2.955        8.047            0      766.339      386.866       93.955
      544        3.193        8.302            0      766.008      371.970       92.438
      545        3.077        8.282            0      771.115      391.290       92.838
      546        3.017        8.110            0      762.698      347.915       89.011
      547        2.802        8.135            0      767.308      389.232       88.918
      548        3.043        8.212            0      771.859      340.451       85.798
      549        3.069        8.244            0      769.494      366.705       87.307
      550        3.236        8.349            0      769.887      375.988       90.804
      551        3.154        8.292            0      767.909      338.154       91.582
      552        3.013        8.164            0      764.247      353.269       88.786
      553        3.228        8.209            0      765.957      372.156       84.121
      554        3.265        8.425            0      775.361      365.471       83.239
      555        3.221        8.328            0      768.428      360.097       84.375
      556        2.989        8.137            0      763.790      366.197       88.528
      557        3.102        8.244            0      763.346      353.822       85.676
      558        3.266        8.405            0      773.781      377.756       91.904
      559        3.244        8.478            0      780.497      372.328       89.588
      560        3.348        8.427            0      773.152      359.602       84.527
      561        3.472        8.450            0      774.515      343.044       86.521
      562        3.486        8.513            0      776.956      347.118       89.676
      563        3.377        8.475            0      773.274      356.822       91.862
      564        3.222        8.353            0      772.807      375.084       89.036
      565        3.283        8.410            0      771.491      345.175       87.570
      566        3.213        8.191            0      768.376      362.945       92.552
      567        3.248        8.307            0      764.956      333.439       89.390
      568        3.259        8.276            0      768.251      285.027       86.213
      569        3.150        8.274            0      768.710      341.362       85.616
      570        3.136        8.259            0      766.616      377.714       86.921
      571        3.112        8.253            0      766.802      384.620       89.702
      572        3.307        8.377            0      770.834      370.815       82.833
      573        3.343        8.507            0      779.218      347.798       90.180
      574        3.187        8.380            0      771.441      377.126       89.555
      575        3.146        8.321            0      771.069      351.396       88.340
      576        3.210        8.247            0      766.184      353.117       89.615
      577        3.110        8.250            0      769.360      383.249       85.898
      578        3.235        8.361            0      770.536      362.816       85.271
      579        3.232        8.472            0      775.003      412.406       90.665
      580        3.208        8.257            0      765.876      367.797       89.246
      581        3.102        8.260            0      774.237      391.894       84.651
      582        3.024        8.245            0      777.017      383.909       87.670
      583        3.567        8.538            0      774.511      368.941       82.943
      584        3.204        8.383            0      774.009      416.091       87.694
      585        3.144        8.311            0      776.088      395.252       86.047
      586        3.162        8.315            0      773.276      370.188       87.340
      587        2.853        7.920            0      761.865      379.950       84.318
      588        3.287        8.365            0      769.862      363.521       94.476
      589        3.091        8.323            0      774.794      380.374       87.396
      590        3.093        8.211            0      768.291      322.324       82.493
      591        3.144        8.274            0      774.993      352.240       90.143
      592        3.051        8.218            0      768.304      376.334       85.853
      593        2.976        8.223            0      773.439      381.196       89.805
      594        2.921        8.041            0      763.349      354.688       86.368
      595        2.899        8.122            0      761.076      345.433       87.581
      596        2.974        8.083            0      765.163      352.244       87.608
      597        2.523        7.754            0      755.626      388.895       82.586
      598        3.186        8.387            0      773.376      382.127       87.378
      599        2.866        8.097            0      762.667      373.632       94.203
      600        3.422        8.518            0      773.499      386.139       85.089
      601        3.357        8.490            0      774.806      352.589       88.982
      602        3.397        8.445            0      774.876      374.445       85.712
      603        3.435        8.482            0      776.468      399.439       84.607
      604        3.458        8.556            0      775.167      401.439       85.329
      605        3.086        8.299            0      766.879      377.623       86.370
      606        3.444        8.510            0      776.380      362.737       94.243
      607        3.127        8.345            0      772.318      387.101       99.759
      608        3.204        8.362            0      776.931      408.698       88.951
      609        3.175        8.267            0      768.639      389.781       92.092
      610        2.895        8.159            0      767.392      413.139       85.061
      611        3.261        8.257            0      760.876      403.943       82.275
      612        3.111        8.229            0      765.485      359.734       81.937
      613        3.439        8.471            0      770.197      372.403       88.060
      614        3.153        8.297            0      766.783      383.248       91.576
      615        3.164        8.275            0      771.318      382.669       88.484
      616        3.147        8.362            0      776.429      408.385       86.791
      617        3.357        8.327            0      770.260      386.831       85.948
      618        3.136        8.311            0      774.952      395.421       91.376
      619        3.418        8.412            0      767.912      383.220       91.974
      620        2.966        8.275            0      769.628      414.779       89.178
      621        3.119        8.214            0      764.234      409.665       92.075
      622        2.902        8.127            0      763.222      403.347       96.553
      623        2.937        8.207            0      773.654      423.733       85.100
      624        3.340        8.360            0      767.790      410.688       88.652
      625        2.899        8.166            0      770.946      454.687       86.956
      626        3.218        8.282            0      770.295      428.459       91.508
      627        3.380        8.503            0      775.956      396.378       90.978
      628        3.289        8.321            0      772.930      425.000       91.821
      629        3.030        8.149            0      771.618      461.308       88.007
      630        3.487        8.479            0      773.793      429.011       91.495
      631        3.129        8.265            0      764.328      388.009       85.438
      632        3.424        8.357            0      773.234      393.772       90.940
      633        3.343        8.471            0      772.606      381.726       91.333
      634        3.543        8.629            0      779.557      420.262       86.628
      635        3.489        8.465            0      774.226      410.174       93.564
      636        3.247        8.360            0      772.580      428.328       89.269
      637        3.254        8.367            0      772.917      381.142       87.763
      638        3.045        8.214            0      766.320      388.743       90.700
      639        2.961        8.079            0      764.401      404.184       88.719
      640        3.263        8.333            0      768.052      386.541       85.755
      641        3.185        8.277            0      766.901      373.988       89.996
      642        3.313        8.374            0      766.252      362.877       89.876
      643        3.341        8.465            0      779.513      404.758       86.383
      644        3.477        8.510            0      779.985      437.156       89.213
      645        3.244        8.312            0      771.673      405.802       84.609
      646        3.531        8.541            0      776.809      375.261       90.425
      647        3.708        8.558            0      773.300      375.050       83.341
      648        3.386        8.473            0      777.740      405.061       84.578
      649        3.504        8.451            0      770.642      372.788       85.709
      650        3.254        8.390            0      775.315      459.055       88.706
      651        3.478        8.448            0      766.779      393.150       91.006
      652        3.467        8.385            0      772.312      437.056       89.541
      653        3.158        8.198            0      765.886      459.582       91.205
      654        3.049        8.056            0      764.534      435.268       89.478
      655        2.936        8.202            0      771.409      432.477       81.854
      656        3.066        8.248            0      765.614      431.835       89.839
      657        3.199        8.361            0      770.746      425.381       91.438
      658        3.064        8.340            0      773.191      418.039       90.090
      659        3.289        8.397            0      768.759      413.478       91.840
      660        3.127        8.310            0      774.253      445.908       89.755
      661        2.940        8.159            0      768.796      455.320       81.330
      662        2.833        8.108            0      771.094      453.305       85.854
      663        3.403        8.396            0      771.718      461.866       88.097
      664        3.493        8.385            0      777.113      513.576       88.185
      665        3.174        8.234            0      767.376      450.644       85.380
      666        3.325        8.474            0      774.791      482.893       96.826
      667        3.183        8.248            0      770.234      460.136       91.545
      668        3.228        8.288            0      771.429      480.111       84.560
      669        2.923        8.136            0      768.348      417.023       89.268
      670        3.371        8.359            0      771.255      479.297       88.039
      671        3.251        8.352            0      768.985      446.992       93.441
      672        3.115        8.216            0      765.765      426.510       85.727
      673        3.080        8.198            0      769.745      414.728       89.181
      674        3.141        8.206            0      768.259      420.311       87.381
      675        3.302        8.366            0      766.749      424.465       88.651
      676        3.465        8.402            0      771.444      409.844       81.832
      677        3.104        8.240            0      772.760      442.942       90.909
      678        3.379        8.215            0      769.573      437.385       84.501
      679        3.531        8.415            0      768.087      435.337       87.845
      680        3.669        8.514            0      770.359      435.173       80.742
      681        3.266        8.219            0      766.964      437.043       87.217
      682        3.241        8.337            0      773.711      433.644       94.357
      683        3.159        8.286            0      772.545      422.850       81.204
      684        2.938        8.235            0      771.587      415.351       86.276
      685        3.275        8.427            0      774.691      440.858       85.338
      686        3.494        8.459            0      767.902      393.900       89.303
      687        3.420        8.437            0      772.924      426.181       86.206
      688        3.293        8.366            0      774.613      439.883       93.383
      689        3.263        8.309            0      769.923      395.221       86.351
      690        3.075        8.286            0      773.188      403.785       89.757
      691        3.118        8.290            0      767.195      380.194       87.163
      692        3.365        8.249            0      767.000      351.940       83.660
      693        3.174        8.332            0      769.842      367.637       84.766
      694        3.105        8.247            0      765.367      410.865       86.877
      695        3.438        8.412            0      769.513      386.973       91.404
      696        3.281        8.288            0      769.662      410.606       89.736
      697        3.392        8.400            0      770.339      350.172       92.461
      698        3.290        8.212            0      768.476      405.531       89.159
      699        3.462        8.420            0      769.792      358.800       88.069
      700        3.555        8.440            0      768.322      402.737       93.560
      701        3.532        8.481            0      772.869      424.242       85.678
      702        3.664        8.531            0      768.558      399.854       91.145
      703        3.661        8.588            0      769.468      364.514       92.336
      704        3.789        8.662            0      776.570      396.129       86.768
      705        3.617        8.537            0      774.291      371.736       89.809
      706        3.346        8.314            0      768.179      381.791       88.677
      707        3.774        8.644            0      774.771      352.682       88.863
      708        3.573        8.587            0      773.417      358.354       94.142
      709        3.456        8.368            0      761.072      379.082       92.753
      710        3.502        8.421            0      771.507      371.959       88.105
      711        3.285        8.234            0      768.348      385.166       86.976
      712        3.504        8.385            0      768.926      383.598       93.211
      713        3.355        8.288            0      767.829      376.584       89.133
      714        3.125        8.139            0      761.837      365.026       87.363
      715        3.305        8.233            0      763.780      374.905       89.743
      716        3.150        8.331            0      775.552      374.410       85.759
      717        3.281        8.335            0      773.220      369.936       85.472
      718        3.320        8.397            0      773.602      409.862       80.939
      719        3.150        8.361            0      774.817      433.972       86.574
      720        3.128        8.307            0      773.309      425.308       91.525
      721        2.965        8.226            0      769.393      395.732       84.456
      722        3.279        8.363            0      767.751      377.034       84.693
      723        3.049        8.263            0      766.692      393.239       88.079
      724        3.261        8.358            0      766.964      402.041       88.180
      725        3.053        8.256            0      765.039      390.717       88.746
      726        3.301        8.421            0      771.724      399.435       86.442
      727        3.190        8.324            0      771.812      389.011       88.554
      728        2.768        7.998            0      763.463      369.900       88.074
      729        3.057        8.317            0      770.936      421.798       84.232
      730        2.966        8.191            0      768.548      389.720       87.953
      731        2.904        8.129            0      763.697      370.697       88.830
      732        3.154        8.258            0      768.643      364.185       88.183
      733        2.888        8.054            0      765.535      358.110       87.143
      734        3.144        8.360            0      775.586      387.400       84.732
      735        3.433        8.438            0      771.352      420.378       92.479
      736        2.952        8.099            0      762.940      359.628       86.974
      737        2.876        8.151            0      765.449      386.982       89.759
      738        3.166        8.321            0      776.089      437.496       88.195
      739        2.922        8.229            0      767.085      465.262       85.972
      740        3.012        8.215            0      769.705      441.301       85.478
      741        3.065        8.256            0      768.462      422.569       89.130
      742        3.075        8.300            0      772.740      419.210       84.846
      743        3.126        8.389            0      779.442      449.482       84.154
      744        2.919        8.253            0      771.303      416.919       86.609
      745        2.941        8.223            0      772.543      435.065       91.464
      746        2.897        8.199            0      765.420      414.133       88.701
      747        3.218        8.381            0      773.231      391.956       90.485
      748        2.885        8.254            0      776.076      398.027       92.130
      749        2.969        8.172            0      773.016      405.632       88.169
      750        2.727        8.058            0      765.380      410.677       91.221
      751        2.582        7.872            0      769.563      482.808       85.825
      752        2.809        8.066            0      770.965      442.041       86.165
      753        2.825        8.030            0      768.667      437.173       95.624
      754        3.088        8.202            0      772.948      469.651       98.035
      755        3.067        8.226            0      767.213      419.239       93.291
      756        3.011        8.218            0      767.932      482.074       87.363
      757        3.343        8.317            0      768.928      429.122       88.093
      758        3.391        8.389            0      772.479      449.289       92.270
      759        3.292        8.294            0      772.841      459.419       87.009
      760        3.393        8.222            0      762.517      477.737       84.354
      761        3.126        8.332            0      776.550      466.924       89.816
      762        3.313        8.317            0      772.393      454.583       81.848
      763        3.036        8.143            0      764.944      464.654       79.517
      764        2.840        8.046            0      766.641      463.976       82.772
      765        3.383        8.302            0      766.901      446.250       79.507
      766        3.434        8.315            0      768.272      477.729       80.735
      767        3.045        8.183            0      768.124      438.728       81.969
      768        3.068        8.303            0      777.286      453.251       91.505
      769        3.153        8.319            0      776.072      422.629       90.770
      770        3.168        8.168            0      771.885      436.071       86.520
      771        3.028        8.143            0      768.687      410.909       83.852
      772        3.281        8.236            0      772.180      373.763       87.119
      773        3.433        8.286            0      767.954      397.879       88.387
      774        3.342        8.301            0      768.200      403.714       87.593
      775        3.346        8.300            0      767.189      412.632       90.108
      776        2.933        8.077            0      770.124      450.921       87.829
      777        2.868        8.107            0      765.941      429.412       89.090
      778        2.749        8.064            0      766.543      436.286       82.002
      779        2.940        8.198            0      770.462      465.250       84.304
      780        2.876        8.158            0      767.953      436.624       86.210
      781        2.651        8.033            0      759.116      426.121       87.712
      782        2.970        8.273            0      775.304      486.564       92.035
      783        2.875        8.214            0      765.594      412.982       88.522
      784        2.876        8.143            0      758.496      421.183       96.076
      785        3.097        8.258            0      762.791      432.083       88.140
      786        3.375        8.486            0      777.825      426.132       87.731
      787        2.952        8.276            0      771.011      398.107       85.978
      788        3.041        8.234            0      770.126      456.253       87.903
      789        3.055        8.292            0      773.196      429.481       86.382
      790        2.917        8.212            0      761.103      433.995       93.254
      791        2.995        8.180            0      771.410      431.959       87.977
      792        2.895        8.131            0      768.118      420.432       91.482
      793        3.232        8.315            0      766.837      465.720       88.956
      794        2.971        8.203            0      767.442      498.806       87.485
      795        3.118        8.179            0      763.900      448.178       87.341
      796        2.655        8.191            0      775.893      438.323       88.350
      797        3.007        8.346            0      778.342      451.268       88.989
      798        2.831        8.155            0      777.118      437.504       85.604
      799        2.825        8.166            0      768.895      446.587       93.420
      800        3.142        8.302            0      770.983      420.792       91.407
      801        2.930        8.245            0      769.778      430.878       89.550
      802        2.834        8.182            0      769.166      418.225       87.525
      803        2.799        8.237            0      770.664      453.393       84.937
      804        2.826        8.082            0      760.927      462.556       92.035
      805        2.413        7.954            0      771.588      486.124       88.870
      806        2.699        8.131            0      768.269      477.552       86.330
      807        2.838        8.171            0      773.275      476.442       90.145
      808        2.629        8.147            0      774.756      488.145       89.185
      809        2.501        8.023            0      774.929      496.229       88.770
      810        2.427        7.952            0      767.826      477.837       85.305
      811        2.392        7.865            0      758.261      477.870       93.281
      812        2.516        7.931            0      766.197      509.915       91.063
      813        2.599        8.010            0      766.845      496.848       89.527
      814        2.590        7.968            0      763.525      471.792       90.203
      815        2.499        7.893            0      755.172      473.623       87.857
      816        2.528        7.905            0      760.570      505.924       95.286
      817        2.501        7.916            0      762.866      478.903       85.326
      818        2.754        8.027            0      761.654      483.993       87.003
      819        2.330        7.964            0      772.911      489.233       85.509
      820        2.593        8.132            0      775.227      523.600       90.092
      821        2.650        8.238            0      778.839      513.095       90.270
      822        2.499        7.955            0      765.985      522.977       84.192
      823        2.755        8.172            0      776.053      520.529       90.325
      824        2.702        8.187            0      775.173      530.989       85.824
      825        2.577        8.106            0      774.942      508.118       88.642
      826        2.840        8.184            0      771.622      522.507       90.790
      827        2.811        8.228            0      777.003      536.436       84.714
      828        2.818        8.264            0      776.884      471.218       90.236
      829        2.864        8.239            0      772.778      491.939       89.599
      830        2.755        8.200            0      766.789      492.656       85.618
      831        3.010        8.362            0      774.403      472.314       91.715
      832        2.987        8.324            0      777.142      451.024       87.437
      833        2.671        8.125            0      770.619      489.801       87.041
      834        2.551        8.030            0      770.851      454.126       83.522
      835        2.735        8.231            0      773.346      515.295       86.981
      836        2.693        8.164            0      772.108      465.081       91.125
      837        2.556        8.094            0      768.003      477.424       83.946
      838        2.539        8.069            0      768.831      495.282       89.605
      839        2.628        8.110            0      779.087      516.615       81.499
      840        2.665        8.112            0      770.721      493.574       84.748
      841        2.743        8.062            0      774.468      515.292       88.337
      842        2.615        8.011            0      755.172      447.195       84.497
      843        2.838        8.133            0      769.005      497.544       82.873
      844        2.705        8.047            0      766.362      497.628       90.611
      845        2.986        8.118            0      771.297      493.653       90.913
      846        2.731        8.028            0      768.415      540.855       86.960
      847        2.594        8.011            0      777.920      512.649       93.341
      848        2.476        7.807            0      773.670      544.817       85.245
      849        2.682        7.849            0      770.004      551.267       83.655
      850        2.858        8.097            0      773.482      563.903       90.426
      851        2.892        7.985            0      763.425      480.237       84.154
      852        2.953        8.170            0      770.497      462.336       87.145
      853        2.641        7.858            0      768.596      486.667       83.459
      854        2.883        8.116            0      764.564      454.241       89.161
      855        2.834        8.120            0      767.295      452.178       88.929
      856        2.859        8.088            0      772.148      514.646       84.136
      857        2.801        8.137            0      769.177      463.647       83.289
      858        2.757        8.010            0      766.864      437.860       92.610
      859        3.036        8.119            0      765.988      415.884       86.497
      860        3.115        8.246            0      769.936      474.703       87.274
      861        3.026        8.165            0      772.320      518.308       89.933
      862        2.959        8.106            0      772.318      497.460       85.753
      863        2.936        8.055            0      763.842      473.281       85.376
      864        3.000        8.291            0      774.122      480.152       88.335
      865        3.092        8.174            0      768.663      487.720       86.859
      866        3.009        8.135            0      761.959      467.339       90.342
      867        3.038        8.223            0      770.448      474.074       88.492
      868        3.116        8.233            0      769.590      487.217       92.304
      869        3.223        8.305            0      772.892      492.263       84.142
      870        3.332        8.387            0      765.516      479.977       89.540
      871        3.043        8.245            0      775.099      494.708       89.044
      872        3.125        8.205            0      768.165      420.967       88.047
      873        3.216        8.305            0      763.357      472.425       90.680
      874        3.452        8.510            0      772.532      454.525       88.014
      875        3.540        8.504            0      775.036      447.586       83.698
      876        3.264        8.307            0      768.929      426.274       87.192
      877        3.205        8.191            0      768.450      433.642       85.805
      878        3.339        8.288            0      766.398      443.654       87.600
      879        3.173        8.114            0      771.182      464.768       82.548
      880        3.373        8.336            0      769.615      496.768       87.477
      881        3.517        8.486            0      770.080      470.506       81.271
      882        3.492        8.437            0      775.803      466.380       84.706
      883        3.423        8.367            0      768.633      449.903       83.102
      884        3.086        8.105            0      768.604      476.630       78.964
      885        3.255        8.251            0      768.942      463.256       83.839
      886        3.246        8.189            0      765.486      480.448       88.922
      887        3.241        8.116            0      770.756      501.430       83.077
      888        3.655        8.495            0      767.591      461.409       91.095
      889        3.678        8.434            0      771.433      472.574       85.386
      890        3.663        8.472            0      774.357      463.632       90.660
      891        3.590        8.415            0      767.318      431.103       90.028
      892        3.543        8.343            0      768.939      424.566       90.212
      893        3.659        8.472            0      772.872      460.857       91.867
      894        3.719        8.509            0      771.365      445.718       85.847
      895        3.975        8.578            0      767.264      418.660       84.454
      896        3.802        8.639            0      781.403      446.990       82.889
      897        3.414        8.403            0      769.093      460.810       83.079
      898        3.416        8.352            0      761.804      432.795       90.913
      899        3.455        8.482            0      766.632      435.696       93.607
      900        3.341        8.323            0      764.514      424.949       86.053
      901        3.352        8.311            0      770.224      442.549       86.858
      902        3.456        8.145            0      762.440      490.691       83.087
      903        3.594        8.428            0      769.164      456.112       87.891
      904        3.408        8.191            0      766.047      452.340       92.607
      905        3.334        8.292            0      768.423      444.828       91.310
      906        3.239        8.199            0      770.166      478.674       87.600
      907        3.552        8.415            0      774.664      474.060       92.793
      908        3.402        8.234            0      771.592      456.124       94.845
      909        3.365        8.197            0      769.311      445.919       87.820
      910        3.193        8.223            0      770.584      425.178       94.747
      911        3.385        8.393            0      774.585      448.565       91.126
      912        3.305        8.405            0      771.943      418.723       89.539
      913        3.510        8.276            0      761.131      468.492       84.195
      914        3.558        8.257            0      775.359      448.159       93.335
      915        3.335        8.143            0      766.050      458.662       92.597
      916        3.362        8.061            0      764.790      419.229       93.485
      917        3.424        8.185            0      766.820      462.397       95.491
      918        3.380        8.143            0      768.113      479.854       88.404
      919        3.717        8.160            0      758.610      453.424       91.487
      920        3.382        8.130            0      760.342      480.771       89.985
      921        3.557        8.240            0      763.810      508.127       90.086
      922        3.383        8.271            0      770.423      474.416       92.592
      923        3.340        8.218            0      774.023      515.051       90.183
      924        3.554        8.317            0      762.449      468.230       86.122
      925        3.397        8.229            0      768.585      500.719       93.140
      926        3.589        8.286            0      768.730      463.529       86.023
      927        3.505        8.257            0      759.599      448.113       91.766
      928        3.464        8.222            0      761.363      444.091       91.010
      929        3.148        8.344            0      775.189      493.033       97.041
      930        3.841        8.571            0      773.677      501.625       90.508
      931        3.296        8.301            0      770.866      484.198       93.165
      932        3.286        8.442            0      773.344      468.855       91.638
      933        3.540        8.581            0      775.381      470.964       90.149
      934        3.330        8.382            0      770.546      447.340       96.206
      935        3.357        8.399            0      773.105      495.415       86.965
      936        3.599        8.583            0      776.885      486.447       90.723
      937        3.502        8.419            0      768.412      448.139       88.885
      938        3.271        8.295            0      768.351      456.940       84.453
      939        3.531        8.453            0      774.508      471.555       88.909
      940        3.186        8.261            0      761.390      494.042       92.688
      941        3.438        8.502            0      771.895      478.218       91.731
      942        3.527        8.560            0      775.699      467.810       88.748
      943        3.344        8.413            0      770.283      479.379       97.353
      944        3.431        8.439            0      774.941      486.785       87.042
      945        3.496        8.335            0      772.250      481.112       84.456
      946        3.322        8.290            0      773.108      480.487       90.854
      947        3.388        8.369            0      767.161      466.421       86.415
      948        3.476        8.491            0      774.826      470.650       90.207
      949        3.790        8.552            0      772.115      422.936       86.038
      950        3.520        8.482            0      771.786      419.277       90.560
      951        3.382        8.291            0      766.676      458.789       82.707
      952        3.431        8.365            0      770.185      435.803       92.511
      953        3.618        8.477            0      773.940      412.319       88.891
      954        3.407        8.436            0      772.439      424.478       88.070
      955        3.400        8.439            0      775.114      421.376       86.220
      956        3.255        8.256            0      768.031      417.739       86.362
      957        3.314        8.335            0      774.352      431.489       89.991
      958        3.341        8.368            0      766.193      419.547       89.907
      959        3.160        8.237            0      760.838      413.120       90.606
      960        3.052        8.177            0      772.538      434.387       80.863
      961        3.179        8.231            0      770.070      483.497       86.563
      962        3.510        8.559            0      776.233      437.292       91.649
      963        3.386        8.448            0      777.162      477.134       85.851
      964        3.515        8.414            0      769.007      461.814       87.613
      965        3.218        8.303            0      769.039      455.053       93.499
      966        3.132        8.288            0      769.910      444.465       87.092
      967        3.534        8.402            0      766.663      466.642       89.364
      968        3.447        8.314            0      769.707      453.612       94.093
      969        3.549        8.363            0      770.180      419.197       84.629
      970        3.487        8.359            0      771.762      437.056       88.836
      971        3.602        8.502            0      771.658      443.499       89.536
      972        3.457        8.445            0      775.001      406.431       86.311
      973        3.432        8.513            0      772.451      446.045       93.666
      974        3.463        8.510            0      771.518      449.955       90.893
      975        3.462        8.555            0      772.896      435.512       93.906
      976        3.426        8.545            0      776.762      455.247       98.773
      977        3.278        8.384            0      774.753      444.271       86.067
      978        3.275        8.448            0      771.417      438.222       85.276
      979        3.445        8.544            0      776.699      472.213       94.207
      980        3.242        8.364            0      781.288      416.962       87.416
      981        3.260        8.363            0      765.622      433.406       94.273
      982        3.088        8.255            0      770.732      463.048       92.214
      983        3.208        8.432            0      772.442      433.895       90.968
      984        2.973        8.150            0      762.209      466.788       83.222
      985        3.035        8.236            0      770.526      467.256       93.265
      986        3.011        8.282            0      774.314      440.737       90.775
      987        3.208        8.430            0      770.450      410.423       92.032
      988        3.294        8.447            0      771.375      390.064       90.599
      989        3.022        8.246            0      764.468      382.272       88.406
      990        3.210        8.380            0      774.830      413.382       83.090
      991        3.006        8.111            0      761.647      453.383       83.009
      992        3.268        8.372            0      770.861      425.846       89.688
      993        3.277        8.388            0      771.239      430.899       87.328
      994        2.963        8.119            0      765.299      442.715       89.313
      995        3.204        8.267            0      771.308      426.817       93.708
      996        3.094        8.176            0      772.155      447.456       90.659
      997        3.556        8.343            0      768.475      408.774       90.965
      998        3.263        8.231            0      770.114      438.850       92.091
      999        3.343        8.233            0      767.624      425.488       88.424
     1000        3.353        8.271            0      760.931      415.395       94.457
