  Frame #         RMSD         rGyr      intraHB        MolSA         SASA          PSA
        0        0.000        5.011            0      426.484       71.971      108.938
        1        0.669        4.995            0      431.421       72.889       98.860
        2        0.786        4.990            0      425.621       85.586       96.190
        3        0.677        5.018            0      426.545      115.651       96.346
        4        0.719        4.985            0      426.564       84.056       94.599
        5        0.746        4.984            0      423.228       87.861       93.677
        6        0.779        4.962            0      429.542       84.088      105.357
        7        0.777        4.969            0      427.195       96.895       99.694
        8        0.742        5.033            0      428.360      106.461       94.640
        9        0.627        5.025            0      430.710      120.466       99.828
       10        0.759        5.010            0      428.458      108.357       98.954
       11        0.650        4.946            0      423.104      122.805       93.851
       12        0.845        4.964            0      428.447      102.722      106.780
       13        0.752        4.999            0      424.489       75.281       93.938
       14        0.778        4.913            0      426.958       92.490       97.571
       15        0.750        5.006            0      428.419      105.864      102.619
       16        0.769        5.006            0      429.162       96.101      100.773
       17        0.705        5.000            0      426.296      113.090       95.038
       18        0.635        4.974            0      426.651       95.670      100.218
       19        0.705        4.938            0      426.158       77.384      101.596
       20        0.805        4.933            0      426.712       90.815       96.883
       21        0.598        5.052            0      431.181      104.464      100.447
       22        0.773        5.024            0      432.875       90.168       98.587
       23        0.678        4.984            0      425.533      115.343       96.782
       24        0.770        4.953            0      425.161      126.466       95.064
       25        0.839        4.974            0      428.606       73.466       97.703
       26        0.804        4.961            0      428.144       73.560      103.814
       27        0.690        5.033            0      431.128      110.236       98.902
       28        0.704        4.980            0      429.880      107.139       97.234
       29        0.845        4.891            0      426.500       88.726      103.669
       30        0.858        4.965            0      431.440      119.777      102.850
       31        0.818        4.937            0      429.708      123.146      103.597
       32        0.856        4.910            0      428.322      131.222      106.581
       33        0.807        4.919            0      426.685      119.467       98.045
       34        0.776        4.952            0      428.005      112.491       99.991
       35        0.722        5.010            0      427.384      111.270       97.997
       36        0.786        4.953            0      429.006      127.592      102.004
       37        0.804        4.941            0      426.402      126.715       98.347
       38        0.828        4.878            0      424.813       95.919      107.083
       39        0.855        4.957            0      431.823      106.721      101.815
       40        0.803        4.934            0      428.516      111.957      103.672
       41        0.817        4.998            0      430.177      105.653      103.465
       42        0.747        5.016            0      432.763      131.771      100.783
       43        0.732        4.977            0      429.142      141.553      102.051
       44        0.801        4.969            0      428.271      131.682      106.236
       45        0.834        4.991            0      429.056      135.616      100.246
       46        0.731        5.017            0      427.131      140.208      100.025
       47        0.849        4.943            0      428.096      138.819      105.619
       48        0.849        4.897            0      429.102      118.006      103.537
       49        0.672        5.049            0      432.399      158.169      103.525
       50        0.710        5.017            0      428.316      137.237       97.367
       51        0.748        4.941            0      429.174      144.745      101.510
       52        0.911        4.935            0      428.416      122.522      101.767
       53        0.774        4.993            0      429.362      146.564      100.615
       54        0.757        4.918            0      425.382      138.192      101.853
       55        0.907        4.954            0      429.037      133.207      104.405
       56        0.753        5.032            0      431.811      134.881      100.306
       57        0.703        4.962            0      428.743      132.915      102.667
       58        0.698        4.976            0      426.705      158.702       97.377
       59        0.654        5.016            0      428.088      157.371       98.389
       60        0.796        4.947            0      428.856      163.738      102.533
       61        0.685        5.010            0      432.326      173.112      100.061
       62        0.651        4.974            0      428.603      185.346      100.430
       63        0.718        5.035            0      428.175      169.392       97.829
       64        0.746        4.972            0      427.127      148.129      101.802
       65        0.715        4.979            0      431.871      131.404      100.372
       66        0.772        4.995            0      432.580      142.562      100.683
       67        0.715        4.984            0      426.031      148.938      100.727
       68        0.734        4.975            0      428.454      140.528      102.207
       69        0.709        5.005            0      427.023      162.864       99.169
       70        0.609        4.979            0      427.621      163.431       96.476
       71        0.687        4.968            0      427.674      140.876      104.660
       72        0.758        4.972            0      428.946      144.290       99.749
       73        0.704        5.057            0      430.286      153.217      105.099
       74        0.653        5.052            0      433.490      148.815      105.805
       75        0.619        4.944            0      426.622      164.230      103.160
       76        0.663        5.008            0      428.899      144.162      102.223
       77        0.714        4.986            0      427.768      146.979       99.137
       78        0.795        4.963            0      426.808      146.160       98.743
       79        0.722        5.083            0      430.439      134.095       97.581
       80        0.708        5.054            0      431.623      146.847       92.458
       81        0.665        5.060            0      430.328      156.178       99.943
       82        0.735        5.042            0      432.169      151.921      102.031
       83        0.751        4.969            0      429.679      138.507      100.698
       84        0.780        4.966            0      429.882      144.201      103.667
       85        0.710        4.945            0      428.515      149.326       99.301
       86        0.798        4.943            0      429.531      152.792      104.154
       87        0.683        5.019            0      432.559      169.007      101.215
       88        0.749        4.994            0      431.356      161.566      104.735
       89        0.732        4.963            0      426.717      160.499      104.478
       90        0.691        5.046            0      433.430      157.700      105.919
       91        0.747        5.006            0      430.774      144.557      100.141
       92        0.709        4.988            0      428.445      129.266      103.586
       93        0.773        4.997            0      428.909      136.563      100.218
       94        0.719        5.070            0      435.347      161.566      102.015
       95        0.708        4.999            0      432.871      131.652      102.923
       96        0.754        4.889            0      426.398      173.559      103.527
       97        0.726        5.001            0      429.980      172.893       99.423
       98        0.737        4.987            0      428.029      170.491      101.663
       99        0.693        4.981            0      430.374      186.415      103.165
      100        0.739        4.965            0      429.630      194.524      106.467
      101        0.621        5.041            0      432.463      187.084      107.100
      102        0.806        4.963            0      428.773      180.522      105.227
      103        0.748        5.039            0      434.616      173.636      106.008
      104        0.721        5.034            0      431.234      152.389      103.597
      105        0.658        5.017            0      431.026      170.338      106.042
      106        0.673        5.013            0      429.369      182.183       98.225
      107        0.685        5.023            0      433.847      202.339      103.054
      108        0.845        4.874            0      426.870      214.603      104.211
      109        0.753        4.952            0      427.869      202.905      101.317
      110        0.725        4.985            0      430.477      249.588      106.802
      111        0.760        4.922            0      426.619      240.093       99.406
      112        0.715        4.994            0      429.463      222.297      100.126
      113        0.724        5.001            0      429.550      227.389       99.008
      114        0.688        5.027            0      429.303      222.441       99.286
      115        0.798        4.981            0      426.697      248.911      103.960
      116        0.797        4.919            0      420.677      222.619      104.066
      117        0.750        5.042            0      428.011      219.814       97.876
      118        0.753        5.014            0      427.197      234.804      101.921
      119        0.681        5.052            0      429.133      203.844       98.132
      120        0.688        5.019            0      428.046      210.441       98.920
      121        0.773        5.019            0      423.686      236.965      105.365
      122        0.574        5.090            0      428.446      212.065       95.820
      123        0.766        5.072            0      430.600      211.350      101.154
      124        0.622        5.140            0      428.872      227.297      100.119
      125        0.602        5.116            0      431.416      217.594       97.448
      126        0.769        5.066            0      430.755      257.651      105.551
      127        0.646        5.086            0      433.247      240.279      103.544
      128        0.705        5.047            0      427.930      242.942      103.300
      129        0.594        5.144            0      430.022      214.134      103.041
      130        0.609        5.121            0      433.129      200.762      102.192
      131        0.616        5.100            0      431.698      208.010      101.280
      132        0.700        5.072            0      431.870      200.378      104.291
      133        0.702        5.105            0      435.030      207.392      102.291
      134        0.745        5.116            0      432.450      219.363      101.975
      135        0.623        5.110            0      430.790      208.304      105.275
      136        0.598        5.066            0      430.851      186.243      101.433
      137        0.618        5.042            0      428.519      213.363       99.530
      138        0.652        5.092            0      428.158      186.225      103.493
      139        0.739        5.075            0      432.090      223.341      104.111
      140        0.786        4.954            0      426.977      227.641      101.358
      141        0.708        5.016            0      426.354      264.553       98.384
      142        0.655        5.092            0      431.950      220.428      102.609
      143        0.644        5.085            0      432.570      241.246      104.562
      144        0.754        5.081            0      432.330      241.228      105.619
      145        0.802        5.055            0      432.638      204.975       99.948
      146        0.790        5.015            0      427.632      233.872      100.659
      147        0.742        5.015            0      427.311      233.782      101.092
      148        0.780        4.992            0      428.824      252.807      100.677
      149        0.729        5.090            0      432.415      262.421       97.595
      150        0.887        5.038            0      430.602      272.967      101.995
      151        0.677        5.073            0      427.777      223.925       98.900
      152        0.734        5.060            0      426.936      227.284       99.802
      153        0.697        5.042            0      428.005      215.434      100.670
      154        0.866        5.005            0      431.907      231.559      101.268
      155        0.648        5.056            0      432.213      230.853      100.842
      156        0.864        5.049            0      430.631      225.372      104.702
      157        0.934        5.012            0      431.222      218.621      109.033
      158        0.725        5.005            0      428.226      225.825       99.721
      159        0.715        5.068            0      430.086      238.291      102.034
      160        0.828        5.029            0      430.649      221.160       97.917
      161        0.644        5.009            0      425.851      215.499       97.588
      162        0.790        5.047            0      427.848      213.621      101.135
      163        0.820        5.067            0      432.089      230.987      102.415
      164        0.686        5.035            0      428.825      219.195       99.965
      165        0.724        5.055            0      432.349      192.678      102.787
      166        0.898        5.018            0      426.817      211.038       99.013
      167        0.716        5.069            0      430.967      227.315      102.123
      168        0.742        5.049            0      430.362      232.275       99.053
      169        0.812        5.024            0      429.457      196.677      102.189
      170        0.840        5.006            0      427.934      197.304      107.557
      171        0.673        5.026            0      427.142      199.140       99.373
      172        0.616        5.060            0      425.174      192.651       96.496
      173        0.769        5.026            0      427.660      185.185       97.907
      174        0.847        5.030            0      431.942      194.811      102.081
      175        0.645        5.095            0      433.190      206.334      101.178
      176        0.708        5.012            0      428.565      178.805      104.433
      177        0.706        5.030            0      426.077      194.025       97.251
      178        0.661        5.031            0      430.024      194.791      100.709
      179        0.614        5.095            0      432.180      143.892      100.505
      180        0.799        5.042            0      432.694      148.241      106.931
      181        0.916        4.951            0      430.541      138.080      107.298
      182        0.822        5.038            0      427.400      149.188       98.169
      183        0.684        5.045            0      431.279      140.118       99.936
      184        0.750        5.081            0      433.985      148.586      101.525
      185        0.793        5.089            0      435.057      140.842      104.620
      186        0.696        5.024            0      424.690      127.578       97.818
      187        0.846        5.062            0      431.491      143.207      103.086
      188        0.823        5.057            0      432.698      131.802       99.558
      189        0.655        5.093            0      433.225      143.156      101.933
      190        0.807        5.057            0      429.737      148.580      100.636
      191        0.723        5.028            0      430.051      144.929      104.604
      192        0.759        5.057            0      429.191      140.504       95.447
      193        0.801        5.035            0      433.335      168.699      107.815
      194        0.675        5.130            0      434.239      162.742      100.893
      195        0.752        5.081            0      433.381      169.612      100.638
      196        0.686        5.101            0      432.835      186.743      103.263
      197        0.616        5.108            0      431.972      165.855      100.718
      198        0.666        5.102            0      432.828      152.760      104.664
      199        0.830        5.086            0      433.169      149.505      105.699
      200        0.766        5.014            0      430.054      139.181      102.073
      201        0.781        5.078            0      429.123      146.954      100.155
      202        0.693        5.047            0      431.012      136.442      103.160
      203        0.835        5.003            0      429.873      130.812      102.737
      204        0.657        5.071            0      432.935      121.078       99.325
      205        0.731        5.072            0      430.077      132.785      105.911
      206        0.936        5.014            0      433.563      126.787      105.635
      207        0.805        5.076            0      431.890      123.561      103.508
      208        0.667        5.066            0      428.704      116.008      101.880
      209        0.796        5.055            0      432.271      126.554       99.949
      210        0.745        5.032            0      429.818      123.763      102.481
      211        0.782        5.026            0      429.569      130.154      104.302
      212        0.786        5.083            0      435.327      127.229      103.956
      213        0.761        5.052            0      432.002      129.425      104.329
      214        0.710        5.037            0      430.625      132.601       98.969
      215        0.736        5.041            0      428.503      122.832      102.188
      216        0.998        4.990            0      431.160      134.257      104.386
      217        0.754        5.039            0      429.836      126.491       99.071
      218        0.850        5.019            0      427.872      121.425      100.372
      219        0.782        5.005            0      426.242      145.407      101.470
      220        0.661        5.089            0      431.260      138.213      101.274
      221        0.686        5.040            0      428.956      124.152      102.463
      222        0.813        4.999            0      426.799      141.506      103.745
      223        0.648        5.062            0      432.842      138.271      102.012
      224        0.623        5.069            0      426.742      126.199       98.270
      225        0.709        5.037            0      428.957      150.879       95.535
      226        0.658        5.055            0      430.853      126.259      102.628
      227        0.788        4.988            0      427.328      134.875      101.035
      228        0.710        5.050            0      425.435      141.066      101.238
      229        0.699        5.036            0      432.023      124.611       99.669
      230        0.711        5.043            0      429.846      129.615      100.129
      231        0.673        5.044            0      427.704      129.848       99.226
      232        0.686        5.146            0      432.666      150.550      101.721
      233        0.662        5.051            0      429.204      136.351      100.462
      234        0.727        5.074            0      430.960      139.612      100.465
      235        0.799        5.047            0      431.562      140.583      106.861
      236        0.705        5.050            0      430.093      130.776      102.524
      237        0.875        5.073            0      434.603      143.903      107.129
      238        0.681        5.020            0      429.054      136.840      102.703
      239        0.721        5.061            0      431.107      133.576      104.175
      240        0.655        5.045            0      428.334      139.321       99.077
      241        0.682        5.101            0      430.726      146.590      100.978
      242        0.695        5.042            0      428.435      131.159      100.067
      243        0.823        5.017            0      432.924      134.551      101.942
      244        0.709        5.032            0      431.305      126.538      100.715
      245        0.761        5.015            0      425.689      119.865      102.264
      246        0.942        5.001            0      432.530      145.750      103.413
      247        0.705        5.083            0      430.332      128.622       99.617
      248        0.668        5.069            0      426.792      120.857       97.352
      249        0.707        5.070            0      432.639      117.221      101.753
      250        0.646        5.080            0      430.220      125.213      101.164
      251        0.727        5.080            0      429.282      150.524       98.180
      252        0.781        5.051            0      433.333      144.336      104.586
      253        0.703        5.063            0      433.335      135.666      105.744
      254        0.703        5.082            0      432.252      131.302      104.703
      255        0.715        5.053            0      430.827      139.710      104.475
      256        0.714        5.056            0      430.269      134.426      104.273
      257        0.701        5.051            0      428.143      130.875       99.092
      258        0.754        5.023            0      428.696      132.312      102.172
      259        0.723        5.104            0      433.497      134.155       97.914
      260        0.746        5.081            0      434.379      145.943      102.038
      261        0.653        5.003            0      427.407      131.338       99.337
      262        0.788        5.089            0      431.011      131.410       98.949
      263        0.671        5.104            0      433.464      136.389      103.883
      264        0.784        5.043            0      432.182      135.250      101.493
      265        0.704        5.048            0      426.913      123.714       97.763
      266        0.669        5.113            0      432.580      140.798      105.210
      267        0.772        5.027            0      429.658      142.033      100.705
      268        0.686        5.109            0      433.634      134.381      101.557
      269        0.785        5.005            0      428.804      127.912      105.085
      270        0.671        5.088            0      431.376      121.867       99.277
      271        0.672        5.042            0      430.310      112.179      101.677
      272        0.938        4.985            0      431.938       97.449      105.032
      273        0.892        5.002            0      433.276      129.287      101.393
      274        0.739        5.036            0      431.487      125.887      106.475
      275        0.748        5.081            0      430.851      111.473      105.715
      276        0.649        5.038            0      429.213      109.737      100.578
      277        0.702        5.115            0      437.442      118.518      102.140
      278        0.673        5.034            0      429.118      136.288       97.840
      279        0.570        5.097            0      432.367      129.459      101.253
      280        0.688        5.056            0      430.599      119.420      102.110
      281        0.631        5.073            0      431.249      125.099      102.444
      282        0.745        5.040            0      431.523      131.655      103.704
      283        0.723        5.050            0      429.033      125.100      103.274
      284        0.733        5.002            0      429.682      132.831      100.410
      285        0.681        5.005            0      425.310      109.675      103.308
      286        0.761        5.082            0      433.262      112.399      104.226
      287        0.690        5.038            0      428.699       99.268      101.277
      288        0.616        5.122            0      433.838      119.303      103.120
      289        0.758        5.054            0      430.044      111.406      102.942
      290        0.794        5.018            0      430.939      124.593      105.804
      291        0.792        4.986            0      429.536      134.593       99.243
      292        0.652        5.078            0      433.118      137.807       99.956
      293        0.676        5.064            0      430.707      122.009      100.320
      294        0.851        5.028            0      432.872      155.481      106.552
      295        0.712        5.037            0      430.327      138.193      103.606
      296        0.779        5.003            0      431.616       99.779      103.842
      297        0.757        5.019            0      430.358      114.659      103.935
      298        0.683        5.051            0      431.315      109.661      100.983
      299        0.771        5.056            0      429.397      114.101      103.550
      300        0.672        5.060            0      430.018      103.309      103.896
      301        0.777        5.033            0      431.072      119.787      100.363
      302        0.756        5.064            0      434.229      106.448      101.390
      303        0.594        5.072            0      430.785      127.715       98.709
      304        0.737        5.018            0      431.186      144.687      103.219
      305        0.751        5.000            0      427.416      148.784      100.519
      306        0.699        5.038            0      428.273      148.757      100.689
      307        0.705        5.040            0      427.552      139.485       98.909
      308        0.617        5.077            0      429.477      150.555       98.742
      309        0.711        5.074            0      429.803      152.822       98.435
      310        0.904        4.992            0      430.869      143.597      102.918
      311        0.597        5.098            0      431.064      149.746       98.498
      312        0.650        5.039            0      429.683      125.676      101.774
      313        0.725        5.053            0      432.768      133.080      102.229
      314        0.708        5.011            0      425.028      156.323       96.678
      315        0.608        5.129            0      435.355      121.654      100.713
      316        0.693        5.077            0      432.869      138.171       98.834
      317        0.738        5.080            0      430.390      144.486      106.559
      318        0.716        5.019            0      429.401      123.600      103.056
      319        0.693        5.059            0      428.500      135.336      100.819
      320        0.644        5.114            0      432.907      145.195       99.203
      321        0.676        5.060            0      433.560      150.501      104.094
      322        0.722        5.145            0      433.097      131.410      100.451
      323        0.575        5.086            0      430.104      124.496      103.883
      324        0.630        5.087            0      432.017      144.236      100.933
      325        0.605        5.038            0      431.690      132.303      101.956
      326        0.659        5.033            0      427.610      137.703      100.214
      327        0.788        5.031            0      431.049      154.479      100.048
      328        0.838        5.059            0      431.954      133.106       99.670
      329        0.692        5.009            0      427.279      141.348      101.547
      330        0.632        5.081            0      428.510      125.227       95.175
      331        0.719        5.081            0      432.198      132.798       98.105
      332        0.893        4.978            0      430.164      131.654      101.463
      333        0.774        4.997            0      425.741      127.929      100.440
      334        0.827        5.021            0      430.334      132.667      101.856
      335        0.692        5.078            0      428.588      150.484       96.937
      336        0.655        5.083            0      431.023      141.904      100.453
      337        0.695        5.062            0      431.044      116.007      104.367
      338        0.813        5.032            0      428.788      150.154      101.455
      339        0.754        5.017            0      426.276      141.464      107.144
      340        0.775        5.040            0      430.244      147.453      100.682
      341        0.738        5.047            0      431.902      150.525      104.532
      342        0.748        5.096            0      434.194      150.087       97.497
      343        0.726        5.060            0      427.125      134.977      102.568
      344        0.703        5.093            0      432.714      137.105      101.106
      345        0.655        5.065            0      429.370      120.395       99.614
      346        0.639        5.119            0      431.742      134.771      102.661
      347        0.778        5.085            0      431.323      132.441      100.869
      348        0.835        5.046            0      433.081      138.228      102.967
      349        0.793        5.025            0      430.154      146.143      103.503
      350        0.803        5.011            0      426.146      115.591      101.487
      351        0.714        5.059            0      429.266      135.368      103.681
      352        0.803        5.042            0      429.445      128.682      103.650
      353        0.672        5.061            0      428.078      124.398       99.192
      354        0.772        4.997            0      430.086      131.260      100.612
      355        0.711        5.050            0      431.676      141.196      100.187
      356        0.682        5.029            0      432.535      131.346      103.894
      357        0.716        5.059            0      429.487      158.379      100.189
      358        0.791        5.003            0      431.674      143.618       98.907
      359        0.725        5.006            0      428.406      158.705       98.271
      360        0.669        5.062            0      430.742      130.445       98.002
      361        0.678        5.079            0      430.679      140.527       98.608
      362        0.629        5.067            0      430.771      147.956      103.723
      363        0.617        5.075            0      429.399      131.973       99.765
      364        0.659        5.014            0      427.336      129.073       96.893
      365        0.646        5.029            0      427.305      134.960       99.333
      366        0.733        5.059            0      432.672      148.470      105.287
      367        0.600        5.124            0      432.736      128.867      102.000
      368        0.751        5.009            0      429.907      121.211       96.476
      369        0.584        5.049            0      427.713      126.077       98.825
      370        0.645        5.022            0      427.419      138.013      102.045
      371        0.699        5.043            0      429.033      140.180       99.320
      372        0.655        5.074            0      432.236      120.396       99.238
      373        0.600        5.070            0      430.946      136.277       98.738
      374        0.644        5.128            0      432.122      133.954       99.039
      375        0.690        5.056            0      428.694      150.955      105.511
      376        0.742        5.032            0      431.449      137.520      101.892
      377        0.536        5.088            0      429.810      125.747       98.408
      378        0.605        5.030            0      432.319      141.755      104.305
      379        0.616        5.050            0      429.801      136.094      100.176
      380        0.720        4.996            0      427.417      134.983      103.386
      381        0.626        5.033            0      427.928      116.147      103.301
      382        0.818        5.006            0      430.701      129.100      101.142
      383        0.781        5.097            0      434.319      140.752      105.282
      384        0.798        5.008            0      430.370      126.651      102.681
      385        0.770        5.039            0      430.266      136.312      102.853
      386        0.714        5.061            0      429.015      121.049      101.243
      387        0.772        5.022            0      429.666      131.098      108.502
      388        0.640        5.026            0      427.569      114.588       99.882
      389        0.623        5.069            0      430.462      131.238      100.199
      390        0.686        5.085            0      430.393      105.995      105.493
      391        0.733        5.029            0      428.822      107.228      102.944
      392        0.757        5.073            0      434.558      126.393       99.834
      393        0.719        5.052            0      429.387      150.971       99.566
      394        0.831        5.013            0      429.523      123.033      104.519
      395        0.734        5.084            0      434.704      121.365      102.482
      396        0.598        5.096            0      428.118      120.830      100.351
      397        0.633        5.087            0      430.449      131.992      102.297
      398        0.627        5.067            0      428.079      123.316       98.138
      399        0.693        5.070            0      430.768      136.316      101.494
      400        0.813        5.038            0      430.772      126.907      103.510
      401        0.746        5.092            0      430.344      125.353      103.928
      402        0.731        5.057            0      432.628      157.061      102.823
      403        0.724        5.050            0      431.760      163.254      104.256
      404        0.547        5.148            0      431.681      171.482       99.199
      405        0.738        5.039            0      429.203      162.440      107.376
      406        0.647        5.050            0      429.634      147.892      103.736
      407        0.698        5.034            0      427.811      137.077      100.406
      408        0.771        5.000            0      428.930      168.864      105.098
      409        0.688        5.014            0      430.992      160.807      103.034
      410        0.703        5.109            0      434.538      157.875      100.268
      411        0.663        5.044            0      426.576      170.016      100.122
      412        0.622        5.057            0      429.655      155.352      100.309
      413        0.631        5.108            0      431.280      153.376       98.598
      414        0.584        5.048            0      427.358      144.998       99.173
      415        0.630        5.047            0      425.977      152.507      104.763
      416        0.613        5.049            0      430.468      158.174      100.048
      417        0.692        5.060            0      432.216      172.630      103.521
      418        0.665        5.058            0      430.313      147.264      100.105
      419        0.686        5.047            0      429.579      172.558      100.566
      420        0.586        5.088            0      430.039      150.717       97.734
      421        0.661        5.090            0      433.073      164.472       99.214
      422        0.570        5.083            0      430.360      164.074      103.003
      423        0.654        5.072            0      429.289      162.172      100.088
      424        0.720        5.043            0      426.199      128.458      100.803
      425        0.609        5.043            0      429.281      159.403      100.631
      426        0.847        5.041            0      433.920      166.973      103.550
      427        0.721        5.053            0      426.931      139.682       98.639
      428        0.648        5.068            0      425.692      146.258       95.942
      429        0.686        5.069            0      431.037      146.793      101.117
      430        0.661        5.106            0      432.022      158.513      103.911
      431        0.718        5.039            0      429.501      158.095      102.871
      432        0.792        5.052            0      427.125      145.550      102.071
      433        0.794        5.076            0      432.572      139.826      106.227
      434        0.627        5.052            0      424.770      156.102       97.292
      435        0.604        5.088            0      427.559      145.696       99.594
      436        0.697        5.072            0      429.220      155.254       95.233
      437        0.577        5.103            0      432.373      150.781      101.412
      438        0.750        5.065            0      432.720      140.423      101.624
      439        0.711        5.012            0      426.276      154.429      103.064
      440        0.693        5.097            0      430.932      174.674      100.165
      441        0.752        5.078            0      428.137      159.959      102.837
      442        0.719        5.126            0      435.068      158.343      104.995
      443        0.596        5.072            0      428.172      132.286       98.309
      444        0.640        5.093            0      432.860      142.951      101.445
      445        0.674        5.129            0      433.469      137.052      103.878
      446        0.708        5.113            0      430.691      133.350      100.345
      447        0.773        5.055            0      428.757      134.789      100.330
      448        0.687        5.049            0      429.735      131.263      100.657
      449        0.803        5.025            0      430.403      144.337      102.611
      450        0.714        5.040            0      426.867      144.149      102.786
      451        0.724        5.044            0      425.736      143.887      102.343
      452        0.746        5.079            0      431.813      152.941      101.653
      453        0.601        5.118            0      429.445      160.406       93.334
      454        0.604        5.080            0      429.555      159.959       93.726
      455        0.622        5.101            0      427.447      163.441       96.740
      456        0.835        4.982            0      427.534      163.128      103.742
      457        0.704        5.038            0      427.004      156.514      100.798
      458        0.657        5.035            0      425.608      169.894      101.158
      459        0.629        5.096            0      431.066      151.446      101.680
      460        0.796        5.006            0      429.134      134.940      101.071
      461        0.775        5.001            0      427.511      161.105      100.157
      462        0.626        5.071            0      428.613      175.859       99.681
      463        0.680        5.035            0      427.855      173.038      101.436
      464        0.678        5.063            0      429.097      162.440      100.133
      465        0.658        5.043            0      426.372      164.228       99.051
      466        0.769        5.075            0      430.018      169.847      103.195
      467        0.653        5.102            0      429.524      167.894       97.107
      468        0.755        5.010            0      426.287      163.551      104.393
      469        0.633        5.028            0      428.023      151.411       98.468
      470        0.647        5.068            0      432.478      156.681      101.007
      471        0.673        5.090            0      431.210      156.863      100.320
      472        0.762        5.086            0      433.413      153.400      105.765
      473        0.633        5.091            0      432.269      138.289      102.847
      474        0.629        5.093            0      432.936      151.989      102.740
      475        0.630        5.055            0      426.486      165.402       98.930
      476        0.631        5.078            0      429.960      162.341       99.083
      477        0.645        5.117            0      428.958      151.635      100.046
      478        0.600        5.091            0      428.358      154.445       99.567
      479        0.668        5.064            0      430.473      155.087      102.037
      480        0.604        5.097            0      430.599      173.254      100.631
      481        0.626        5.129            0      431.477      143.574      104.959
      482        0.659        5.091            0      428.242      145.293      101.621
      483        0.582        5.045            0      426.685      139.419       99.344
      484        0.582        5.143            0      432.751      156.411      102.091
      485        0.632        5.066            0      429.636      154.585      102.079
      486        0.665        5.072            0      432.083      131.132      104.885
      487        0.698        5.004            0      424.787      155.721       97.535
      488        0.726        5.037            0      429.616      155.428      102.899
      489        0.584        5.087            0      429.830      132.921      101.408
      490        0.572        5.104            0      431.598      154.926      101.884
      491        0.601        5.082            0      426.911      164.420      100.488
      492        0.609        5.052            0      429.036      167.315      101.752
      493        0.616        5.115            0      431.778      172.366       97.563
      494        0.688        5.070            0      429.649      176.288       99.938
      495        0.753        4.998            0      428.902      179.521      102.994
      496        0.570        5.090            0      429.462      164.843       99.168
      497        0.751        5.091            0      432.716      185.846      107.096
      498        0.599        5.101            0      430.714      190.057      104.336
      499        0.737        5.081            0      433.642      161.136      106.416
      500        0.706        5.107            0      432.802      202.999       99.548
      501        0.673        5.133            0      435.601      173.506      102.970
      502        0.581        5.074            0      429.198      163.236      101.689
      503        0.658        5.093            0      430.988      148.744      104.956
      504        0.702        5.061            0      426.992      169.008       99.590
      505        0.633        5.055            0      427.650      157.179      102.542
      506        0.568        5.068            0      427.748      175.577       99.100
      507        0.637        5.088            0      433.007      140.552      103.283
      508        0.660        5.097            0      426.084      141.075      100.239
      509        0.572        5.086            0      428.885      187.144       98.137
      510        0.655        5.099            0      427.478      159.400       99.533
      511        0.574        5.072            0      424.714      159.055       98.819
      512        0.566        5.116            0      429.608      155.442       98.136
      513        0.573        5.112            0      429.990      181.619       97.878
      514        0.584        5.069            0      426.483      152.578       97.412
      515        0.780        5.012            0      431.266      153.093      102.121
      516        0.570        5.069            0      430.271      146.649      101.892
      517        0.693        5.075            0      428.510      164.869       97.361
      518        0.667        5.039            0      427.853      160.789      101.296
      519        0.687        5.043            0      428.946      157.954      103.283
      520        0.636        5.097            0      428.325      155.648       99.811
      521        0.730        5.025            0      425.065      134.044      100.600
      522        0.637        5.051            0      430.469      150.365      101.734
      523        0.642        5.066            0      429.892      122.345      101.314
      524        0.635        5.095            0      430.144      143.749       99.130
      525        0.724        5.058            0      432.529      143.545      101.254
      526        0.556        5.096            0      431.792      136.324      102.122
      527        0.734        5.041            0      430.082      124.709       99.474
      528        0.559        5.069            0      428.089      120.416      100.383
      529        0.698        5.051            0      426.192      134.279       99.746
      530        0.760        5.060            0      430.746      120.148      105.774
      531        0.660        5.078            0      431.588      143.846       97.967
      532        0.626        5.087            0      426.203      147.390       99.502
      533        0.552        5.116            0      432.890      129.312      100.761
      534        0.615        5.091            0      431.165      130.344       99.448
      535        0.668        5.066            0      427.977      145.327       99.926
      536        0.608        5.116            0      431.992      132.927      100.416
      537        0.644        5.049            0      428.931      141.366       99.523
      538        0.621        5.090            0      433.252      106.578      106.038
      539        0.759        5.090            0      433.970      107.193      102.986
      540        0.791        5.038            0      431.053      128.613      104.122
      541        0.632        5.067            0      429.066      121.746      100.376
      542        0.734        5.044            0      429.705      133.921      104.649
      543        0.665        5.028            0      430.242       99.890       98.654
      544        0.768        5.066            0      430.167      115.240      103.288
      545        0.676        5.020            0      426.327      126.444       98.495
      546        0.663        5.084            0      430.725       92.363      102.454
      547        0.757        5.039            0      431.033      104.724      104.713
      548        0.919        5.005            0      431.547      104.416      105.676
      549        0.744        5.038            0      427.572      104.490       99.885
      550        0.724        5.039            0      428.933      104.426      100.545
      551        0.604        5.085            0      429.109      121.551      105.166
      552        0.577        5.067            0      427.544      146.273      100.438
      553        0.685        5.055            0      430.647      129.211       98.703
      554        0.760        5.014            0      428.265      123.042      103.583
      555        0.714        5.072            0      430.517      123.859      101.697
      556        0.782        5.130            0      436.502      138.993      102.448
      557        0.767        5.029            0      430.066      122.883      103.444
      558        0.575        5.123            0      433.317      149.408      100.083
      559        0.638        5.079            0      429.304      140.256       98.780
      560        0.643        5.080            0      431.863      137.635      101.467
      561        0.814        4.998            0      429.899      134.370      101.955
      562        0.785        5.041            0      431.562      122.855      104.801
      563        0.792        5.025            0      430.372      146.215      101.564
      564        0.657        5.092            0      430.328      146.924       99.030
      565        0.729        5.104            0      429.193      133.359      107.557
      566        0.733        5.028            0      428.389      128.875      102.288
      567        0.745        5.016            0      428.639      123.122      102.898
      568        0.751        5.063            0      428.026      120.549      100.379
      569        0.648        5.051            0      427.106      132.354       98.337
      570        0.698        5.097            0      427.526      153.664      104.684
      571        0.834        5.025            0      426.598      145.165      102.102
      572        0.723        5.087            0      434.875      154.113      100.625
      573        0.735        5.061            0      429.085      126.151      103.038
      574        0.773        5.022            0      425.201      120.617       99.326
      575        0.613        5.061            0      428.375      149.755      104.463
      576        0.682        5.026            0      428.309      125.930       96.974
      577        0.680        5.051            0      429.448      152.692      104.576
      578        0.670        5.099            0      433.209      127.178      101.421
      579        0.617        5.083            0      432.282      139.718       99.802
      580        0.575        5.097            0      432.991      124.218      100.462
      581        0.690        5.033            0      425.607      146.659       98.435
      582        0.579        5.086            0      430.755      138.871      101.225
      583        0.563        5.071            0      429.177      153.038       98.951
      584        0.794        4.997            0      427.501      136.247      100.631
      585        0.542        5.115            0      431.275      142.692       98.278
      586        0.603        5.122            0      433.746      146.845      100.541
      587        0.666        5.089            0      431.238      134.947       99.605
      588        0.578        5.098            0      428.118      111.361       98.503
      589        0.723        5.005            0      428.569      117.046      102.781
      590        0.669        5.100            0      431.925      132.181      101.377
      591        0.679        5.026            0      425.359      127.257      100.569
      592        0.665        5.080            0      430.252      120.330      102.176
      593        0.725        5.072            0      427.616      142.445      104.775
      594        0.739        5.047            0      430.342      138.728      102.756
      595        0.595        5.095            0      429.474      130.995       99.028
      596        0.679        5.026            0      427.009      126.343      100.759
      597        0.641        5.122            0      434.323      134.420      102.427
      598        0.771        5.033            0      428.211      135.243      104.330
      599        0.636        5.065            0      430.590      122.114      100.363
      600        0.662        5.086            0      428.439      119.747      103.700
      601        0.624        5.068            0      431.730      135.531      100.930
      602        0.723        5.068            0      429.438      122.837       97.727
      603        0.707        5.050            0      430.048      126.304      102.998
      604        0.744        5.041            0      429.285      142.072      101.549
      605        0.763        5.035            0      430.029      123.465       97.575
      606        0.706        5.039            0      431.720      124.498      102.373
      607        0.589        5.076            0      427.388      127.246       98.801
      608        0.662        5.024            0      426.096      138.879      101.710
      609        0.769        5.027            0      430.668      144.349      102.487
      610        0.619        5.074            0      430.913      146.325       99.814
      611        0.739        5.107            0      435.533      153.521      102.649
      612        0.586        5.071            0      430.507      165.151       97.887
      613        0.724        5.085            0      430.635      123.399      102.064
      614        0.706        5.074            0      427.693      155.888      102.728
      615        0.703        5.101            0      429.689      137.744      101.602
      616        0.684        5.046            0      428.448      156.635       99.290
      617        0.708        5.067            0      428.934      144.876       99.578
      618        0.757        5.090            0      430.891      142.023      101.626
      619        0.733        5.003            0      422.911      142.230      101.987
      620        0.766        5.044            0      430.694      157.422      103.252
      621        0.671        5.071            0      430.973      135.067       96.751
      622        0.747        5.077            0      429.562      136.361      106.094
      623        0.681        5.084            0      429.445      152.622      100.422
      624        0.610        5.050            0      428.335      145.800      102.020
      625        0.773        5.100            0      435.471      143.647      102.496
      626        0.702        5.069            0      432.382      158.734      103.634
      627        0.823        5.010            0      427.716      144.219      104.726
      628        0.776        5.069            0      432.748      144.704      104.037
      629        0.838        4.980            0      426.638      144.017      100.807
      630        0.664        5.059            0      430.252      164.822      101.736
      631        0.606        5.068            0      429.608      143.716       98.200
      632        0.709        5.091            0      433.361      164.484      103.606
      633        0.707        5.029            0      427.866      168.281      101.699
      634        0.647        5.094            0      429.433      178.018      100.019
      635        0.733        5.023            0      426.724      166.745      100.142
      636        0.693        5.093            0      429.478      156.189      101.228
      637        0.727        5.106            0      434.723      169.476      105.463
      638        0.789        5.028            0      428.889      171.494       99.816
      639        0.700        5.067            0      430.738      179.224      100.026
      640        0.622        5.071            0      427.958      179.271      101.695
      641        0.533        5.099            0      430.758      171.320      101.035
      642        0.591        5.058            0      425.334      155.508       99.669
      643        0.558        5.098            0      430.287      161.723      101.429
      644        0.799        5.019            0      428.519      162.705      102.649
      645        0.751        5.070            0      429.384      157.104      101.447
      646        0.740        5.052            0      430.241      147.598      105.004
      647        0.614        5.103            0      426.799      161.713       95.078
      648        0.722        5.054            0      427.178      148.046      100.823
      649        0.696        5.076            0      430.092      146.494      103.805
      650        0.660        5.092            0      428.725      136.495      102.039
      651        0.541        5.126            0      433.401      125.257      102.116
      652        0.516        5.096            0      429.757      133.364      103.610
      653        0.791        5.014            0      430.150      143.852      103.434
      654        0.594        5.083            0      428.754      146.901      102.577
      655        0.654        5.110            0      431.653      165.096      102.561
      656        0.629        5.124            0      432.126      179.142       99.254
      657        0.573        5.077            0      428.740      154.039      100.530
      658        0.689        5.067            0      428.337      173.594      100.344
      659        0.556        5.077            0      427.528      175.826       99.954
      660        0.685        5.040            0      429.050      153.658      103.584
      661        0.755        5.064            0      428.483      149.494      101.949
      662        0.643        5.078            0      429.806      151.796       97.189
      663        0.753        5.051            0      430.266      164.496       99.838
      664        0.660        5.083            0      430.900      169.384      101.825
      665        0.785        5.029            0      427.836      148.947      103.648
      666        0.680        5.080            0      429.967      154.676      101.004
      667        0.640        5.077            0      428.897      151.832       97.350
      668        0.622        5.089            0      431.629      160.524      101.797
      669        0.656        5.108            0      432.103      154.659      102.759
      670        0.793        5.018            0      427.235      154.018       99.661
      671        0.812        5.027            0      431.446      151.082      101.481
      672        0.639        5.058            0      428.521      149.678      101.391
      673        0.723        5.094            0      433.263      166.673      101.858
      674        0.743        5.088            0      432.227      159.197      104.614
      675        0.785        5.076            0      434.085      153.869       98.863
      676        0.602        5.070            0      427.437      149.584       96.714
      677        0.688        5.065            0      427.182      170.019       99.830
      678        0.663        5.074            0      431.137      164.329      103.794
      679        0.571        5.101            0      429.158      156.751       98.058
      680        0.774        5.040            0      431.899      157.669      101.947
      681        0.779        5.029            0      435.044      157.196      102.378
      682        0.740        5.055            0      431.453      165.700      103.855
      683        0.829        5.029            0      429.253      159.465      101.794
      684        0.642        5.053            0      428.290      164.812      102.078
      685        0.653        5.092            0      429.278      177.876       98.852
      686        0.679        5.052            0      428.729      170.770      103.645
      687        0.687        5.085            0      431.510      171.712      101.369
      688        0.739        5.043            0      433.663      164.662      103.584
      689        0.742        5.059            0      431.514      188.333      101.781
      690        0.834        5.032            0      430.267      164.857      103.588
      691        0.807        5.045            0      433.424      162.688      108.148
      692        0.784        5.027            0      431.504      174.667      106.416
      693        0.805        5.054            0      430.655      156.864      111.080
      694        0.780        5.093            0      432.513      167.252      102.790
      695        0.890        4.989            0      427.602      164.932      101.550
      696        0.794        5.006            0      429.875      144.704      101.728
      697        0.727        5.044            0      429.637      154.930      101.929
      698        0.691        5.120            0      433.823      158.443      104.099
      699        0.822        5.003            0      428.297      176.326      103.996
      700        0.822        5.042            0      429.780      145.569      103.578
      701        0.689        5.089            0      429.404      158.241       94.768
      702        0.706        5.069            0      432.270      166.692      103.573
      703        0.752        5.014            0      429.312      155.969      103.291
      704        0.698        5.087            0      433.001      161.208      101.867
      705        0.705        5.075            0      430.110      152.262       99.057
      706        0.743        5.091            0      431.330      151.481      100.975
      707        0.675        5.116            0      430.561      132.563       98.720
      708        0.720        5.046            0      426.541      128.869       99.980
      709        0.722        5.027            0      425.717      134.649       99.673
      710        0.795        5.039            0      427.490      134.129      100.200
      711        0.781        5.061            0      431.978      123.246      101.827
      712        0.713        5.061            0      429.978      122.000      104.431
      713        0.654        5.095            0      429.293      152.072       99.772
      714        0.580        5.031            0      427.349      109.975       96.935
      715        0.547        5.069            0      428.813      126.998       99.702
      716        0.734        5.076            0      424.063      127.866       93.420
      717        0.631        5.109            0      430.912      157.257      104.122
      718        0.878        5.031            0      428.309      148.416      107.199
      719        0.655        5.078            0      427.359      134.426       97.215
      720        0.654        5.108            0      431.141      147.963      105.022
      721        0.666        5.083            0      432.123      181.710       99.970
      722        0.754        5.026            0      430.012      165.511       98.252
      723        0.617        5.054            0      425.983      166.212      101.934
      724        0.645        5.119            0      433.762      160.275       98.887
      725        0.628        5.074            0      430.471      145.527       99.706
      726        0.571        5.096            0      430.703      172.586      102.311
      727        0.663        5.109            0      429.458      151.828      103.375
      728        0.784        5.055            0      430.745      135.155       98.960
      729        0.743        5.067            0      429.546      155.607      101.893
      730        0.589        5.104            0      431.700      158.269      100.496
      731        0.675        5.091            0      430.266      162.796      101.197
      732        0.676        5.057            0      427.977      162.589      103.086
      733        0.651        5.089            0      429.537      149.399      101.295
      734        0.678        5.085            0      429.787      152.812       93.521
      735        0.741        5.031            0      428.870      166.948      103.552
      736        0.713        5.069            0      428.717      160.562       97.287
      737        0.693        5.034            0      428.303      151.129       95.410
      738        0.626        5.057            0      427.486      158.559       97.957
      739        0.638        5.052            0      427.902      172.638       99.055
      740        0.693        4.994            0      424.453      140.918      101.299
      741        0.657        5.098            0      430.010      155.467       98.274
      742        0.675        5.053            0      427.467      146.476      100.437
      743        0.732        5.049            0      427.282      140.031       98.896
      744        0.750        5.021            0      427.452      132.249       98.953
      745        0.696        5.061            0      425.284      131.598       97.223
      746        0.693        5.099            0      432.924      138.392      107.031
      747        0.699        5.042            0      428.009      137.284       98.752
      748        0.716        5.040            0      431.733      148.434      102.814
      749        0.749        5.112            0      435.557      166.041      103.931
      750        0.766        5.058            0      429.870      143.035      104.451
      751        0.704        5.065            0      431.876      162.144      103.788
      752        0.708        5.021            0      428.608      155.750      102.170
      753        0.812        5.041            0      430.748      148.913      100.887
      754        0.673        5.037            0      429.209      144.676      102.010
      755        0.806        4.968            0      425.825      132.554       97.539
      756        0.726        5.062            0      428.786      139.740       96.352
      757        0.767        5.082            0      430.729      145.473      101.688
      758        0.675        5.054            0      431.025      140.980      104.437
      759        0.846        5.056            0      432.755      141.573      101.892
      760        0.691        5.098            0      433.036      144.238       98.992
      761        0.673        5.030            0      428.095      144.705       99.235
      762        0.735        5.052            0      430.790      142.556       99.141
      763        0.609        5.080            0      427.694      140.412      100.207
      764        0.653        5.066            0      427.407      149.081       99.327
      765        0.705        5.050            0      428.112      148.153      102.850
      766        0.661        5.046            0      426.242      155.938       94.835
      767        0.662        5.121            0      430.741      161.008      100.200
      768        0.577        5.085            0      430.139      142.882      101.051
      769        0.679        5.044            0      428.828      146.879       97.251
      770        0.607        5.074            0      428.633      146.252       99.075
      771        0.609        5.062            0      424.646      126.225       96.533
      772        0.545        5.100            0      426.794      129.872       96.574
      773        0.624        5.095            0      430.682      138.045      101.427
      774        0.745        5.036            0      430.455      143.506      102.328
      775        0.622        5.071            0      429.576      130.952       99.563
      776        0.804        5.045            0      430.198      134.316      103.456
      777        0.612        5.089            0      430.077      147.230       99.530
      778        0.644        5.065            0      428.764      158.900      101.771
      779        0.598        5.049            0      426.537      157.424      102.869
      780        0.725        5.025            0      428.562      161.059      101.135
      781        0.659        5.024            0      427.434      133.829       99.505
      782        0.657        5.088            0      430.205      150.230      104.110
      783        0.723        5.091            0      429.105      145.690       99.836
      784        0.760        5.020            0      430.287      132.238      104.724
      785        0.782        5.024            0      430.765      148.766      103.104
      786        0.707        5.055            0      429.147      154.830      100.782
      787        0.777        5.062            0      429.019      156.165      100.306
      788        0.720        5.081            0      432.061      155.233      100.419
      789        0.689        5.037            0      426.858      146.116      102.291
      790        0.790        5.073            0      432.635      149.187      102.392
      791        0.671        5.070            0      427.615      151.407       99.906
      792        0.747        5.021            0      426.618      138.471      101.303
      793        0.786        5.082            0      434.523      129.404      104.067
      794        0.755        5.014            0      426.609      138.946       98.036
      795        0.706        5.033            0      428.273      145.918      101.614
      796        0.848        5.037            0      429.990      139.789      101.829
      797        0.716        5.042            0      429.442      133.956      102.288
      798        0.743        5.021            0      426.830      134.760       99.692
      799        0.801        5.035            0      430.728      130.209      101.161
      800        0.752        5.100            0      433.611      143.954      101.083
      801        0.726        5.039            0      429.473      156.266       94.675
      802        0.759        5.027            0      429.734      140.308      102.332
      803        0.730        5.082            0      429.979      128.657       99.514
      804        0.693        5.022            0      427.811      125.428       93.693
      805        0.769        5.054            0      427.872      125.496       98.429
      806        0.835        5.013            0      429.873      136.804       97.935
      807        0.788        5.072            0      431.027      142.558      101.256
      808        0.817        5.043            0      429.485      147.735      102.673
      809        0.821        5.012            0      430.688      163.523      101.602
      810        0.837        5.048            0      430.602      135.980      102.866
      811        0.713        5.031            0      429.827      135.179      100.600
      812        0.891        5.001            0      431.191      152.494      104.779
      813        0.764        5.007            0      426.594      139.198      102.286
      814        0.883        4.979            0      430.435      133.254       99.074
      815        0.780        5.055            0      432.492      127.997       99.735
      816        0.699        5.030            0      427.894      140.138       99.363
      817        0.750        5.025            0      431.350      148.264      103.382
      818        0.685        5.003            0      429.730      144.127      101.704
      819        0.667        5.076            0      430.743      142.936       96.873
      820        0.734        5.061            0      431.131      148.996      105.407
      821        0.631        5.085            0      430.685      139.706      102.378
      822        0.714        5.057            0      431.324      145.512      102.482
      823        0.787        5.048            0      430.095      167.382      104.122
      824        0.742        5.071            0      432.021      141.612      102.829
      825        0.773        4.999            0      427.850      142.677      101.839
      826        0.667        5.146            0      431.967      153.427      100.026
      827        0.688        5.058            0      430.861      145.979      103.865
      828        0.816        5.032            0      431.623      154.019      101.261
      829        0.742        5.049            0      432.389      148.987      102.161
      830        0.880        4.989            0      429.941      138.068      103.561
      831        0.792        5.019            0      423.620      137.521       97.691
      832        0.697        5.041            0      430.195      143.294       98.221
      833        0.728        5.102            0      432.598      139.579      104.959
      834        0.754        5.043            0      430.222      144.006      105.047
      835        0.749        5.074            0      431.320      140.558      102.648
      836        0.640        5.112            0      428.570      147.588       99.490
      837        0.714        5.093            0      432.926      139.674      101.865
      838        0.791        5.022            0      430.527      158.030      101.518
      839        0.762        5.055            0      427.692      156.468      105.771
      840        0.726        5.048            0      426.906      129.049       99.727
      841        0.690        5.098            0      430.570      153.823      103.917
      842        0.744        5.057            0      428.299      154.686       99.785
      843        0.821        5.025            0      430.285      166.061      105.281
      844        0.786        5.057            0      430.682      151.995      102.187
      845        0.765        5.046            0      430.087      155.522       99.171
      846        0.601        5.105            0      429.538      155.751       99.025
      847        0.612        5.118            0      434.748      136.651       99.885
      848        0.775        5.007            0      426.134      135.260      101.894
      849        0.607        5.023            0      428.592      154.092       97.883
      850        0.629        5.095            0      429.499      131.662      101.916
      851        0.583        5.103            0      431.574      141.027      100.477
      852        0.688        5.092            0      432.720      156.889      100.902
      853        0.698        5.045            0      427.655      150.140       98.607
      854        0.730        5.098            0      431.410      156.341      104.153
      855        0.691        5.069            0      430.960      160.191      101.644
      856        0.657        5.051            0      428.757      142.149       99.913
      857        0.782        5.025            0      426.008      134.066      101.568
      858        0.645        5.004            0      424.612      133.926       97.939
      859        0.714        5.118            0      430.586      157.840       98.408
      860        0.655        5.092            0      432.323      154.715      103.213
      861        0.694        5.008            0      424.862      162.090       99.273
      862        0.715        5.099            0      431.368      155.937       94.018
      863        0.698        5.048            0      430.232      153.123       99.257
      864        0.782        5.023            0      430.013      145.826      100.221
      865        0.697        5.020            0      426.261      151.541      102.948
      866        0.683        5.078            0      430.402      162.310       99.350
      867        0.760        5.030            0      431.711      149.113      104.374
      868        0.674        5.022            0      424.867      156.543       97.807
      869        0.731        5.070            0      431.042      142.712       98.095
      870        0.683        5.077            0      428.661      154.650       97.085
      871        0.651        5.058            0      430.716      137.269       98.635
      872        0.650        5.076            0      431.548      145.722       99.338
      873        0.719        5.056            0      431.735      142.750       99.254
      874        0.694        5.109            0      430.012      145.830       97.532
      875        0.716        5.083            0      430.418      172.382      101.691
      876        0.671        5.076            0      434.176      136.629      101.261
      877        0.715        5.044            0      427.879      143.397      100.188
      878        0.757        5.018            0      424.831      149.614       99.904
      879        0.676        5.079            0      432.514      166.072      100.249
      880        0.795        5.030            0      425.939      130.743       98.734
      881        0.715        5.046            0      428.129      142.284      102.737
      882        0.742        5.043            0      428.669      136.386      104.690
      883        0.714        5.030            0      426.739      127.592      100.096
      884        0.761        5.028            0      426.776      139.372      105.067
      885        0.750        5.070            0      429.410      155.157       97.936
      886        0.784        5.009            0      426.709      147.316       98.846
      887        0.642        5.052            0      428.113      144.174       99.704
      888        0.713        5.045            0      425.315      126.791       99.705
      889        0.733        5.076            0      431.671      141.093       97.997
      890        0.754        5.047            0      427.705      150.174       95.546
      891        0.681        5.042            0      428.995      138.170       98.471
      892        0.747        5.024            0      427.618      135.894      101.121
      893        0.691        5.060            0      431.000      140.088      100.007
      894        0.747        5.028            0      429.342      137.852      106.921
      895        0.705        5.075            0      429.865      142.949      102.645
      896        0.759        5.108            0      430.825      134.412      101.034
      897        0.690        5.087            0      430.376      138.813       98.875
      898        0.769        5.053            0      429.687      118.398       99.989
      899        0.802        4.982            0      426.802      153.485       99.297
      900        0.667        5.038            0      428.924      132.579      100.114
      901        0.747        5.043            0      428.424      140.987       96.039
      902        0.775        5.060            0      429.050      141.092       99.639
      903        0.664        5.053            0      424.770      137.910       96.611
      904        0.734        5.087            0      430.064      139.083       99.558
      905        0.695        5.035            0      424.935      137.134       98.535
      906        0.696        5.065            0      428.400      144.183      101.416
      907        0.732        5.085            0      429.641      144.897      101.693
      908        0.779        5.087            0      431.733      124.923      102.874
      909        0.662        5.114            0      431.264      138.922       98.107
      910        0.674        5.100            0      432.603      140.352      101.175
      911        0.700        5.097            0      433.043      118.196       98.975
      912        0.730        5.087            0      429.366      132.001      100.755
      913        0.758        5.030            0      426.898      151.541      101.112
      914        0.761        5.078            0      431.724      168.040       99.106
      915        0.633        5.083            0      427.980      136.195       96.717
      916        0.741        5.045            0      429.334      142.739      102.740
      917        0.642        5.078            0      431.474      145.351      100.960
      918        0.711        5.101            0      429.758      153.207      102.850
      919        0.788        5.100            0      430.403      150.196       97.627
      920        0.650        5.063            0      428.430      137.340      102.658
      921        0.761        5.033            0      427.337      140.707      104.045
      922        0.783        5.069            0      431.198      137.985      103.203
      923        0.692        5.105            0      429.796      134.653       97.071
      924        0.717        5.104            0      431.428      139.946      105.496
      925        0.696        5.076            0      430.406      155.454      106.347
      926        0.752        5.054            0      430.937      127.799      105.685
      927        0.753        5.018            0      428.950      140.490      102.736
      928        0.743        5.062            0      431.689      129.759      104.192
      929        0.704        5.097            0      431.701      149.127      103.700
      930        0.745        5.048            0      431.320      143.485       99.436
      931        0.671        5.045            0      429.760      132.858      100.978
      932        0.582        5.046            0      428.181      147.136      101.109
      933        0.725        5.088            0      429.953      152.862      102.057
      934        0.615        5.099            0      430.241      153.509       99.906
      935        0.693        5.063            0      427.772      131.509       98.535
      936        0.721        5.035            0      425.614      127.266       99.742
      937        0.694        5.052            0      426.379      150.956      101.804
      938        0.642        5.076            0      431.044      143.272      102.578
      939        0.861        5.036            0      430.080      142.607      103.609
      940        0.779        5.066            0      430.857      141.753      105.306
      941        0.758        5.070            0      430.721      154.872      103.492
      942        0.747        5.038            0      426.873      137.374       99.466
      943        0.726        5.023            0      430.190      134.587      103.640
      944        0.670        5.077            0      432.210      142.765      101.786
      945        0.756        5.061            0      429.513      141.090      102.750
      946        0.817        5.012            0      431.483      125.488      104.384
      947        0.721        5.101            0      430.599      140.658      103.970
      948        0.724        5.051            0      428.752      143.740      102.963
      949        0.800        5.088            0      432.981      137.535      105.937
      950        0.685        5.044            0      427.463      126.678       97.120
      951        0.732        5.079            0      430.307      140.332      105.334
      952        0.693        5.051            0      430.692      141.838      103.567
      953        0.753        5.041            0      428.539      146.506       98.419
      954        0.799        5.025            0      427.736      145.450       99.323
      955        0.717        5.047            0      429.976      145.065       98.730
      956        0.730        5.046            0      428.321      142.057      101.710
      957        0.699        5.092            0      431.650      139.439      100.663
      958        0.634        5.091            0      428.915      133.784       98.681
      959        0.773        4.995            0      426.217      126.945      100.521
      960        0.616        5.067            0      426.671      150.654       97.595
      961        0.791        5.041            0      427.614      152.525      103.183
      962        0.802        5.028            0      428.500      130.640      104.390
      963        0.629        5.147            0      433.859      156.561       99.190
      964        0.785        5.013            0      429.447      144.179       98.026
      965        0.853        5.051            0      431.300      123.710      105.470
      966        0.858        5.056            0      430.445      142.534      100.947
      967        0.844        5.052            0      427.810      143.211      100.664
      968        0.606        5.056            0      428.531      160.151      102.352
      969        0.757        5.068            0      429.690      166.089      101.316
      970        0.823        4.997            0      430.702      158.073      101.336
      971        0.674        5.060            0      426.093      145.762       96.018
      972        0.747        5.065            0      431.793      161.441      104.457
      973        0.780        5.040            0      427.116      140.650      102.753
      974        0.852        5.027            0      427.171      117.027      104.483
      975        0.671        5.111            0      433.530      140.978      103.854
      976        0.763        5.002            0      428.587      137.968      107.402
      977        0.695        5.082            0      431.246      164.623      101.165
      978        0.704        5.113            0      430.941      161.447      103.151
      979        0.709        5.050            0      428.601      149.328      101.038
      980        0.835        5.065            0      429.964      143.881      102.012
      981        0.785        5.055            0      428.246      153.564       99.634
      982        0.702        5.042            0      427.776      157.207       94.140
      983        0.927        5.014            0      430.036      152.647      101.614
      984        0.855        5.042            0      430.944      159.365      102.454
      985        0.879        4.999            0      428.426      155.540       99.676
      986        0.639        5.072            0      431.720      165.465       98.866
      987        0.750        5.031            0      429.050      167.713       99.270
      988        0.748        5.046            0      429.950      165.948      106.595
      989        0.861        5.016            0      429.794      174.099      103.653
      990        0.735        5.088            0      428.922      173.335      102.617
      991        0.798        5.074            0      431.882      164.576      100.560
      992        0.764        5.059            0      429.228      178.683      104.553
      993        0.734        5.037            0      428.776      173.799      102.943
      994        0.674        5.046            0      427.924      165.411       99.165
      995        0.907        5.099            0      433.780      164.002      108.805
      996        0.959        4.958            0      429.345      135.567      105.383
      997        0.848        4.983            0      425.719      154.644       99.706
      998        0.764        5.020            0      430.347      169.200      101.181
      999        0.703        5.081            0      434.626      150.797      103.491
     1000        0.749        5.040            0      426.498      163.121      100.056
