  Frame #         RMSD         rGyr      intraHB        MolSA         SASA          PSA
        0        0.000        6.164            0      517.138      197.029       73.115
        1        0.503        6.220            0      514.636      221.519       72.648
        2        0.567        6.104            0      517.089      218.892       72.914
        3        0.317        6.054            0      515.592      209.669       72.765
        4        0.460        6.268            0      518.955      201.147       73.283
        5        0.439        6.112            0      516.862      211.462       70.411
        6        0.458        6.131            0      514.626      220.731       74.311
        7        0.875        6.303            0      519.744      250.812       74.645
        8        0.899        6.079            0      510.436      264.560       71.278
        9        0.843        6.300            0      522.606      287.291       74.163
       10        0.730        6.134            0      512.801      269.760       72.493
       11        0.939        6.317            0      523.514      270.620       72.055
       12        0.676        6.197            0      517.267      202.713       71.423
       13        0.669        6.202            0      513.035      239.030       71.117
       14        0.629        6.264            0      521.727      240.880       75.262
       15        0.676        6.197            0      516.684      226.439       74.667
       16        0.814        6.304            0      515.991      255.125       75.334
       17        0.885        6.197            0      519.306      225.544       74.330
       18        0.657        6.235            0      521.161      227.805       72.753
       19        0.690        6.186            0      517.863      216.021       74.689
       20        0.649        6.269            0      518.883      227.606       71.609
       21        0.881        6.230            0      521.005      156.605       74.977
       22        0.815        6.188            0      520.709      224.987       74.195
       23        0.715        6.201            0      522.338      221.630       71.160
       24        0.648        6.240            0      519.102      202.440       69.994
       25        0.702        6.268            0      517.580      220.540       73.373
       26        0.708        6.290            0      518.084      208.297       71.589
       27        0.680        6.342            0      526.932      249.480       72.573
       28        0.756        6.326            0      520.546      251.289       74.659
       29        0.796        6.358            0      522.642      241.245       72.891
       30        0.765        6.156            0      514.690      241.035       69.196
       31        0.669        6.236            0      515.565      237.815       71.439
       32        0.791        6.132            0      511.658      223.654       74.303
       33        0.759        6.140            0      516.032      224.390       71.240
       34        0.751        6.091            0      516.996      218.934       69.548
       35        0.628        6.053            0      520.049      222.077       72.365
       36        0.504        6.023            0      513.380      209.230       72.102
       37        0.501        6.182            0      516.337      193.790       73.710
       38        0.785        6.305            0      524.674      225.700       69.369
       39        0.899        6.350            0      523.440      310.702       74.653
       40        0.514        6.185            0      513.041      240.757       70.665
       41        0.670        6.247            0      515.951      248.364       71.292
       42        0.533        6.145            0      515.387      231.965       71.936
       43        0.358        6.161            0      517.886      206.715       73.717
       44        0.556        6.396            0      522.525      214.481       73.747
       45        0.619        6.325            0      525.781      236.847       73.068
       46        0.564        6.230            0      522.080      223.392       73.566
       47        0.436        6.050            0      511.078      199.274       71.175
       48        0.644        6.153            0      514.279      197.176       72.719
       49        0.596        6.137            0      521.459      243.156       72.845
       50        0.623        6.023            0      509.891      204.922       69.810
       51        0.576        6.204            0      518.386      221.864       72.760
       52        0.694        6.145            0      519.091      227.472       72.696
       53        0.609        6.096            0      514.884      237.161       72.539
       54        0.870        6.162            0      514.678      278.009       71.225
       55        0.991        6.094            0      513.636      260.545       73.876
       56        0.790        6.143            0      517.032      250.019       73.486
       57        0.764        6.137            0      516.137      224.269       70.395
       58        0.865        6.235            0      514.594      215.889       75.135
       59        0.843        6.220            0      520.571      238.793       75.824
       60        0.825        6.171            0      518.396      222.704       77.360
       61        0.857        6.245            0      516.918      252.932       71.869
       62        0.731        6.034            0      514.036      221.288       72.291
       63        0.723        6.042            0      511.233      239.902       73.028
       64        0.584        6.043            0      515.716      219.229       73.524
       65        0.863        5.955            0      506.900      234.785       75.753
       66        1.044        6.157            0      511.170      248.620       70.691
       67        1.156        6.097            0      510.708      265.146       72.034
       68        0.657        6.204            0      513.986      218.118       72.515
       69        0.666        6.173            0      515.119      243.780       72.629
       70        0.856        6.022            0      511.383      239.222       73.476
       71        0.692        6.055            0      514.246      240.106       74.152
       72        0.792        6.109            0      513.978      251.870       75.564
       73        0.835        6.029            0      510.552      235.426       75.238
       74        0.808        5.945            0      508.473      230.706       76.737
       75        0.901        6.133            0      516.136      257.847       77.145
       76        0.919        6.094            0      512.881      243.735       75.156
       77        0.880        6.160            0      517.507      261.142       72.109
       78        0.831        6.150            0      515.657      208.954       72.708
       79        1.105        5.944            0      512.962      231.205       73.706
       80        0.891        6.092            0      514.059      244.717       73.858
       81        0.961        6.178            0      516.120      252.795       76.868
       82        0.955        6.218            0      519.129      232.635       73.109
       83        0.658        6.154            0      515.471      233.445       71.894
       84        0.454        6.200            0      519.449      228.099       73.730
       85        0.843        6.121            0      518.166      238.990       72.515
       86        0.790        6.152            0      516.867      288.670       73.407
       87        0.635        6.250            0      523.001      287.470       73.148
       88        0.687        6.195            0      519.861      278.909       71.975
       89        0.577        6.180            0      516.348      285.680       69.911
       90        1.067        6.158            0      521.679      272.438       75.490
       91        0.903        6.013            0      514.628      275.041       73.917
       92        0.674        6.280            0      523.803      286.133       72.139
       93        0.708        6.131            0      518.085      207.534       77.114
       94        0.654        6.232            0      519.705      214.093       73.252
       95        0.754        6.222            0      521.749      237.043       72.438
       96        0.571        5.973            0      508.107      179.679       73.452
       97        0.541        6.271            0      520.747      214.300       73.673
       98        0.749        6.188            0      521.144      186.682       75.114
       99        0.441        6.063            0      516.347      204.872       74.099
      100        0.581        6.247            0      521.052      233.063       73.182
      101        0.832        6.270            0      522.566      263.616       74.653
      102        0.866        6.144            0      519.163      241.047       73.491
      103        0.845        6.143            0      517.803      252.141       71.957
      104        1.055        5.973            0      509.928      267.395       71.459
      105        0.716        6.107            0      516.102      266.182       73.028
      106        1.371        5.803            0      513.025      235.925       82.700
      107        1.700        5.603            0      503.508      262.164       84.642
      108        2.117        5.401            0      499.799      202.213       86.001
      109        1.890        5.564            0      505.039      231.171       87.231
      110        1.951        5.560            0      505.750      218.745       87.426
      111        1.504        5.689            0      505.863      251.509       83.126
      112        1.487        5.814            0      515.697      254.858       84.440
      113        1.450        5.659            0      506.162      233.322       80.546
      114        1.416        5.689            0      506.464      256.095       78.470
      115        1.784        5.530            0      500.149      238.016       83.733
      116        1.999        5.521            0      505.754      234.876       85.137
      117        1.836        5.556            0      507.071      244.037       85.005
      118        2.017        5.520            0      503.538      235.916       85.834
      119        1.991        5.511            0      502.496      249.121       86.551
      120        2.211        5.414            0      500.368      208.131       90.504
      121        1.796        5.625            0      502.744      244.323       84.790
      122        1.853        5.504            0      505.376      283.008       90.351
      123        1.746        5.631            0      505.370      301.855       87.090
      124        1.910        5.522            0      500.714      250.718       84.364
      125        1.948        5.479            0      504.373      260.627       86.011
      126        1.174        6.130            0      517.501      329.687       76.576
      127        0.819        6.040            0      510.746      273.213       70.631
      128        0.881        6.108            0      512.308      264.314       72.943
      129        0.891        5.988            0      510.249      264.298       70.999
      130        1.090        6.059            0      510.623      277.227       72.726
      131        1.057        6.129            0      516.940      289.573       74.266
      132        0.810        6.095            0      512.870      253.494       72.720
      133        1.122        6.019            0      511.268      216.921       74.894
      134        1.206        6.074            0      514.871      241.882       75.223
      135        1.279        5.944            0      506.146      217.214       77.389
      136        1.348        6.056            0      514.715      247.399       73.636
      137        1.072        5.950            0      508.048      275.565       76.712
      138        0.943        5.981            0      508.698      327.110       72.930
      139        0.935        5.996            0      509.364      314.598       71.708
      140        1.041        6.040            0      512.006      336.881       76.366
      141        1.315        5.965            0      511.428      270.469       76.516
      142        1.032        6.079            0      514.291      262.342       71.531
      143        1.036        6.053            0      512.002      309.712       72.854
      144        1.140        6.030            0      515.879      268.449       72.934
      145        0.845        6.063            0      518.744      289.276       73.585
      146        1.060        5.990            0      507.001      347.247       70.448
      147        0.963        6.065            0      512.631      297.804       73.776
      148        1.137        6.072            0      516.175      305.915       71.441
      149        1.045        6.110            0      512.139      262.089       72.052
      150        0.779        5.972            0      509.410      326.316       73.498
      151        0.951        6.040            0      510.950      328.704       73.174
      152        0.718        6.051            0      514.963      335.465       71.788
      153        1.031        6.092            0      514.211      295.963       72.317
      154        1.207        5.978            0      510.121      328.239       77.927
      155        1.274        5.903            0      505.216      295.174       76.467
      156        0.902        6.064            0      512.158      293.755       71.419
      157        1.003        5.940            0      503.451      276.896       69.955
      158        1.086        6.056            0      508.803      258.365       73.252
      159        0.996        5.991            0      513.355      274.174       72.175
      160        1.193        5.918            0      507.553      276.578       76.233
      161        1.197        5.911            0      513.207      271.332       77.442
      162        0.967        6.009            0      511.236      275.772       73.702
      163        1.006        6.085            0      515.017      300.201       72.986
      164        1.033        6.149            0      513.657      307.727       75.287
      165        0.896        6.045            0      510.828      279.461       71.763
      166        0.915        6.072            0      515.573      271.827       71.774
      167        0.701        6.019            0      511.257      291.560       70.176
      168        0.693        6.098            0      518.210      260.745       70.112
      169        0.671        6.117            0      513.468      256.735       71.482
      170        0.789        6.156            0      516.317      291.392       74.115
      171        0.770        6.050            0      511.848      300.482       74.244
      172        0.654        6.107            0      512.404      253.476       71.693
      173        0.750        6.173            0      516.020      292.562       75.028
      174        0.706        6.051            0      511.548      297.941       69.603
      175        0.830        6.093            0      517.439      277.468       73.638
      176        0.799        6.099            0      514.917      279.474       72.648
      177        0.708        6.034            0      508.701      277.700       72.513
      178        0.984        6.035            0      510.381      309.324       71.130
      179        0.850        6.039            0      513.928      272.118       73.874
      180        0.929        6.034            0      509.887      262.948       73.857
      181        0.883        6.076            0      514.479      275.919       69.868
      182        0.774        5.931            0      507.113      276.036       72.266
      183        1.097        6.071            0      510.391      287.261       70.763
      184        1.051        6.152            0      513.449      240.884       70.273
      185        0.887        5.925            0      505.527      250.255       76.406
      186        1.056        6.076            0      514.592      251.827       73.479
      187        1.043        6.002            0      512.199      246.695       70.751
      188        1.045        6.057            0      513.088      269.700       73.582
      189        0.952        6.028            0      513.923      273.492       72.472
      190        0.928        6.020            0      511.353      270.874       74.346
      191        1.114        6.080            0      510.156      251.335       70.735
      192        0.967        6.153            0      513.234      280.261       71.087
      193        1.022        6.045            0      510.447      274.887       70.671
      194        0.863        6.178            0      516.762      284.668       74.300
      195        1.002        6.052            0      508.645      270.736       72.088
      196        0.917        6.057            0      510.926      277.450       71.674
      197        0.940        6.255            0      518.302      275.969       72.988
      198        1.199        6.028            0      509.263      251.334       76.111
      199        1.076        5.943            0      509.128      297.291       75.413
      200        0.889        6.016            0      506.496      272.330       72.921
      201        0.896        5.975            0      507.300      270.750       71.964
      202        1.036        6.016            0      512.247      255.731       72.285
      203        1.071        5.943            0      507.631      223.449       70.461
      204        0.705        6.118            0      515.502      259.392       74.371
      205        1.054        6.042            0      510.520      249.212       71.162
      206        0.839        6.024            0      513.371      273.514       75.604
      207        0.854        5.978            0      513.063      294.879       75.036
      208        0.933        5.953            0      514.278      292.227       74.166
      209        0.961        6.040            0      511.916      255.808       75.435
      210        0.925        6.033            0      510.065      268.557       72.483
      211        1.112        6.052            0      514.519      273.975       73.168
      212        0.920        5.934            0      507.378      279.236       69.870
      213        0.778        5.980            0      508.508      272.420       71.999
      214        1.067        5.966            0      509.214      291.294       84.003
      215        0.917        6.002            0      512.664      255.315       71.943
      216        0.785        6.037            0      510.373      232.262       70.450
      217        0.831        6.082            0      510.382      223.123       73.374
      218        0.997        6.072            0      516.920      261.386       72.466
      219        0.825        6.109            0      509.898      233.956       71.344
      220        0.615        6.100            0      512.911      211.665       69.650
      221        0.678        6.123            0      512.134      239.476       71.724
      222        0.628        6.155            0      513.859      241.339       75.022
      223        0.797        6.337            0      518.464      235.945       72.584
      224        0.654        6.131            0      516.003      189.792       73.740
      225        0.723        6.102            0      511.468      188.773       72.039
      226        0.716        6.010            0      512.880      188.553       70.816
      227        0.711        6.130            0      511.620      197.833       72.055
      228        0.818        6.188            0      517.728      219.910       73.574
      229        0.637        6.114            0      513.792      243.892       72.632
      230        0.663        6.155            0      515.203      242.773       73.500
      231        0.709        6.284            0      520.060      203.903       74.120
      232        0.547        6.049            0      512.751      228.299       72.697
      233        0.690        6.173            0      516.489      243.882       73.693
      234        0.731        6.118            0      515.930      232.672       72.674
      235        0.835        6.189            0      518.901      232.368       74.050
      236        0.722        6.151            0      516.212      222.605       76.145
      237        0.637        6.026            0      513.604      220.562       76.312
      238        0.763        6.141            0      517.782      207.708       75.008
      239        0.774        6.122            0      514.888      222.318       73.346
      240        0.770        6.035            0      509.388      206.015       77.250
      241        0.904        6.021            0      512.901      227.890       74.562
      242        0.932        6.074            0      514.103      238.178       73.037
      243        0.903        6.101            0      512.443      255.750       72.213
      244        0.807        6.128            0      516.998      208.388       73.711
      245        0.747        6.093            0      516.537      216.273       70.827
      246        0.769        6.068            0      513.395      223.699       73.714
      247        0.900        6.130            0      518.656      240.985       75.891
      248        0.804        6.142            0      513.252      278.246       75.760
      249        0.772        6.003            0      511.629      233.226       76.012
      250        0.807        6.012            0      507.540      195.461       70.026
      251        0.772        6.011            0      511.742      202.998       76.435
      252        0.600        6.032            0      511.587      256.787       71.450
      253        0.778        6.060            0      512.228      242.263       74.423
      254        0.708        6.035            0      512.892      224.993       76.512
      255        0.967        6.252            0      518.945      295.427       73.447
      256        0.695        6.033            0      511.805      220.320       73.468
      257        0.756        6.112            0      514.377      251.604       74.356
      258        0.711        6.205            0      516.629      251.183       71.066
      259        1.024        6.253            0      518.175      266.443       75.063
      260        0.968        6.117            0      510.682      259.912       72.807
      261        0.888        6.066            0      514.176      226.940       74.034
      262        0.844        6.120            0      512.063      277.811       73.967
      263        1.019        6.019            0      512.825      263.795       78.814
      264        1.012        6.022            0      513.524      248.093       75.040
      265        0.711        5.950            0      503.963      223.984       71.017
      266        0.589        6.076            0      512.018      240.987       72.316
      267        0.635        6.059            0      512.944      223.950       72.243
      268        0.749        5.995            0      507.461      241.047       70.623
      269        0.716        6.145            0      516.753      290.865       73.426
      270        1.111        6.044            0      509.309      249.786       76.307
      271        0.681        6.066            0      513.821      262.496       71.700
      272        0.952        6.125            0      510.542      307.325       70.783
      273        0.743        5.986            0      511.944      282.147       69.015
      274        0.844        6.032            0      513.145      290.346       73.208
      275        0.761        5.984            0      510.933      282.586       73.586
      276        0.712        6.036            0      508.348      269.849       72.793
      277        0.867        6.094            0      512.770      298.169       73.816
      278        0.740        6.028            0      510.418      237.115       74.349
      279        0.706        6.189            0      517.420      254.283       72.143
      280        0.725        6.131            0      516.903      248.811       71.467
      281        0.736        6.042            0      510.189      266.660       72.866
      282        0.938        5.980            0      507.971      223.332       71.808
      283        0.786        5.994            0      509.987      271.628       72.314
      284        0.803        5.997            0      512.917      319.540       75.328
      285        0.812        5.972            0      505.966      276.332       77.028
      286        0.849        5.946            0      510.755      311.559       77.457
      287        0.848        5.928            0      511.797      303.057       72.460
      288        2.036        5.535            0      505.358      217.868       82.864
      289        2.107        5.516            0      504.872      204.605       89.834
      290        2.176        5.531            0      504.016      189.622       87.683
      291        1.721        5.727            0      507.470      243.746       88.130
      292        1.919        5.538            0      502.719      236.593       88.665
      293        1.976        5.648            0      507.580      227.601       82.833
      294        1.852        5.622            0      502.262      188.654       85.692
      295        2.205        5.505            0      503.441      176.336       85.902
      296        1.992        5.580            0      509.065      231.218       89.362
      297        1.957        5.571            0      507.716      232.599       84.023
      298        2.187        5.424            0      499.494      193.785       88.178
      299        1.912        5.615            0      502.971      200.889       85.129
      300        2.110        5.515            0      506.882      204.947       87.275
      301        1.888        5.557            0      504.438      191.826       85.489
      302        1.882        5.640            0      507.296      195.323       82.387
      303        2.007        5.606            0      506.983      193.599       85.188
      304        2.099        5.548            0      505.400      214.953       86.731
      305        2.151        5.378            0      496.049      212.593       87.667
      306        1.859        5.608            0      507.083      239.229       87.981
      307        2.002        5.483            0      499.504      240.560       87.129
      308        2.128        5.460            0      506.574      201.974       90.080
      309        1.792        5.546            0      504.442      232.311       87.146
      310        2.079        5.474            0      500.760      182.323       86.366
      311        2.204        5.441            0      503.175      206.504       89.401
      312        1.987        5.572            0      506.194      235.477       86.509
      313        2.130        5.611            0      510.004      205.385       85.259
      314        2.045        5.572            0      504.229      188.273       84.476
      315        1.828        5.882            0      512.470      212.556       83.549
      316        1.816        5.665            0      501.974      181.325       84.054
      317        2.132        5.585            0      505.480      166.737       86.054
      318        2.103        5.501            0      503.382      214.174       83.930
      319        2.005        5.676            0      508.678      190.643       85.055
      320        2.042        5.607            0      501.731      183.676       84.852
      321        2.079        5.672            0      505.597      189.929       83.919
      322        2.037        5.618            0      506.749      193.944       86.821
      323        2.103        5.570            0      508.076      175.417       83.119
      324        2.035        5.707            0      512.745      183.129       83.689
      325        1.971        5.652            0      504.202      181.921       84.167
      326        2.119        5.522            0      500.715      190.920       85.874
      327        1.981        5.533            0      502.382      200.596       87.501
      328        1.961        5.661            0      508.225      201.288       85.055
      329        2.061        5.466            0      496.660      186.043       84.684
      330        1.967        5.583            0      504.020      169.156       86.021
      331        1.880        5.748            0      508.955      163.407       82.720
      332        2.122        5.616            0      506.829      191.024       85.299
      333        2.062        5.549            0      506.454      213.236       89.549
      334        1.925        5.647            0      505.801      214.602       84.140
      335        2.076        5.665            0      512.183      195.313       88.554
      336        2.030        5.607            0      503.147      193.106       81.993
      337        2.134        5.597            0      505.997      193.536       88.713
      338        1.980        5.668            0      505.862      184.645       83.862
      339        1.965        5.757            0      511.778      200.238       83.868
      340        1.988        5.614            0      502.266      171.964       82.559
      341        1.796        5.795            0      512.486      198.798       80.846
      342        1.976        5.582            0      505.957      198.721       84.498
      343        1.919        5.571            0      506.276      201.632       85.184
      344        1.485        5.970            0      505.518      239.714       74.695
      345        1.070        5.954            0      509.744      237.331       71.964
      346        0.951        6.005            0      513.828      208.642       73.601
      347        0.955        6.130            0      515.840      265.773       74.611
      348        0.937        5.956            0      509.644      246.287       72.226
      349        1.159        5.993            0      510.827      275.092       72.125
      350        1.391        6.011            0      511.740      245.272       70.598
      351        1.201        5.916            0      507.180      244.439       76.782
      352        0.996        6.019            0      512.991      272.976       72.858
      353        1.044        6.162            0      517.038      237.010       75.361
      354        1.108        5.981            0      511.374      274.024       76.119
      355        1.005        6.206            0      518.494      249.900       71.662
      356        1.021        6.017            0      510.880      231.394       76.580
      357        0.840        6.055            0      515.429      251.231       74.059
      358        0.969        6.134            0      515.843      259.963       73.083
      359        1.240        6.148            0      518.387      257.808       76.012
      360        0.868        6.048            0      514.201      250.752       71.095
      361        0.868        6.080            0      512.545      263.938       71.960
      362        0.972        6.063            0      513.478      287.544       74.445
      363        0.855        6.015            0      515.368      292.527       72.712
      364        1.172        5.939            0      511.269      263.854       79.192
      365        0.933        6.167            0      517.277      248.622       75.863
      366        0.924        6.111            0      514.514      257.543       73.001
      367        0.748        6.147            0      516.207      250.733       75.420
      368        0.908        6.018            0      511.652      259.840       73.020
      369        0.914        6.093            0      513.958      289.651       77.446
      370        0.969        6.187            0      520.176      252.049       70.563
      371        0.991        6.022            0      515.182      265.164       73.884
      372        1.040        6.093            0      512.927      290.803       72.705
      373        1.018        6.074            0      512.071      256.041       76.235
      374        0.980        6.042            0      512.278      261.363       74.017
      375        2.044        5.687            0      511.131      210.229       84.002
      376        2.152        5.508            0      499.521      202.324       83.707
      377        2.067        5.675            0      509.786      207.727       86.788
      378        2.103        5.501            0      503.111      192.045       83.204
      379        1.854        5.719            0      508.140      176.432       79.569
      380        2.071        5.617            0      506.470      174.125       84.859
      381        1.920        5.646            0      502.743      181.704       82.693
      382        1.961        5.529            0      506.032      215.993       90.581
      383        2.063        5.411            0      500.852      223.978       86.906
      384        2.268        5.405            0      502.605      245.692       89.270
      385        1.920        5.547            0      501.035      212.933       82.087
      386        2.177        5.395            0      499.028      204.995       86.534
      387        2.037        5.512            0      502.646      207.019       86.889
      388        2.200        5.425            0      498.839      233.973       86.449
      389        2.141        5.458            0      501.334      207.465       86.721
      390        2.092        5.501            0      505.558      236.004       88.040
      391        2.135        5.573            0      505.043      197.414       89.089
      392        2.043        5.683            0      509.159      195.512       82.415
      393        2.146        5.508            0      502.821      213.884       86.941
      394        2.175        5.567            0      508.465      222.052       87.732
      395        2.103        5.572            0      508.170      263.620       86.499
      396        0.912        5.992            0      512.279      306.756       72.023
      397        1.151        6.077            0      517.936      270.298       76.617
      398        1.034        5.837            0      507.456      294.059       74.190
      399        1.179        5.794            0      508.621      287.546       74.719
      400        1.004        6.033            0      510.589      316.619       72.913
      401        0.942        6.000            0      509.434      241.371       74.274
      402        1.121        6.035            0      515.048      259.062       80.993
      403        1.290        5.975            0      506.685      260.375       71.502
      404        1.200        5.995            0      510.785      266.664       74.364
      405        1.065        6.125            0      513.990      295.012       76.735
      406        1.252        6.004            0      511.661      297.264       77.146
      407        0.976        6.028            0      514.242      293.443       72.470
      408        1.255        6.001            0      514.389      302.019       76.280
      409        0.959        6.016            0      510.216      280.400       71.984
      410        1.122        5.961            0      511.125      322.974       71.137
      411        1.132        6.117            0      512.937      306.728       70.765
      412        0.953        5.930            0      509.142      254.931       72.308
      413        0.870        5.964            0      509.859      270.934       74.361
      414        1.113        6.125            0      514.239      293.545       72.947
      415        0.981        5.934            0      515.984      292.719       72.832
      416        1.142        6.042            0      518.437      287.150       72.539
      417        1.065        6.068            0      512.894      286.832       72.901
      418        1.139        5.902            0      507.660      305.183       73.315
      419        1.000        5.928            0      506.392      289.298       71.456
      420        1.213        6.009            0      515.445      286.539       72.784
      421        0.977        6.064            0      516.913      274.226       73.266
      422        1.318        5.985            0      510.483      292.672       76.152
      423        1.110        6.010            0      512.802      296.566       75.316
      424        0.835        6.097            0      513.678      296.701       73.303
      425        0.804        6.145            0      514.101      263.078       73.306
      426        0.894        5.965            0      513.038      263.399       73.948
      427        0.981        5.998            0      509.229      266.989       72.979
      428        1.965        5.505            0      498.823      245.226       84.973
      429        1.957        5.623            0      503.627      236.138       88.660
      430        2.021        5.755            0      511.182      229.219       82.281
      431        1.918        5.609            0      504.796      226.380       87.336
      432        2.108        5.556            0      504.316      217.962       83.728
      433        2.126        5.605            0      509.928      228.905       84.320
      434        1.899        5.546            0      502.158      229.760       83.184
      435        2.150        5.496            0      501.731      232.404       88.045
      436        2.074        5.556            0      502.487      244.582       85.810
      437        2.022        5.624            0      504.813      253.670       84.121
      438        1.947        5.583            0      498.553      243.902       80.470
      439        1.978        5.607            0      507.115      287.598       87.408
      440        1.976        5.602            0      498.884      279.278       82.208
      441        2.005        5.584            0      502.383      247.941       81.292
      442        2.017        5.581            0      511.024      264.824       86.559
      443        1.861        5.562            0      508.621      253.632       85.617
      444        1.930        5.580            0      503.650      237.880       86.275
      445        2.005        5.585            0      506.318      242.748       83.044
      446        1.887        5.657            0      508.124      266.823       86.005
      447        1.876        5.673            0      507.716      255.382       83.665
      448        1.866        5.678            0      505.722      290.172       83.986
      449        1.903        5.628            0      506.599      250.634       85.867
      450        1.995        5.514            0      498.491      241.601       81.632
      451        2.015        5.648            0      507.861      259.335       87.181
      452        2.070        5.720            0      510.453      210.420       82.582
      453        2.189        5.452            0      497.689      226.984       87.924
      454        1.963        5.534            0      501.764      222.479       83.571
      455        1.793        5.636            0      506.761      240.642       87.579
      456        1.993        5.579            0      503.467      226.048       86.803
      457        1.875        5.521            0      504.638      226.276       84.105
      458        2.042        5.439            0      501.201      224.722       86.093
      459        1.925        5.544            0      502.607      290.217       86.391
      460        1.814        5.571            0      501.554      251.515       82.810
      461        1.918        5.586            0      512.018      238.360       86.669
      462        1.957        5.619            0      502.902      256.946       80.401
      463        2.082        5.473            0      504.775      260.917       88.376
      464        2.141        5.468            0      502.266      233.392       89.397
      465        1.305        5.814            0      516.668      284.343       83.766
      466        0.972        6.073            0      512.463      271.170       75.373
      467        0.939        6.044            0      515.259      313.120       79.366
      468        1.037        6.026            0      511.843      260.581       76.142
      469        1.027        5.978            0      511.594      273.628       74.873
      470        0.831        6.188            0      514.418      304.053       73.081
      471        0.874        6.054            0      512.019      274.398       71.518
      472        0.958        6.135            0      515.022      267.776       71.604
      473        0.842        6.027            0      511.728      255.943       72.611
      474        0.917        5.911            0      511.890      279.592       76.967
      475        0.882        6.059            0      517.160      357.071       72.721
      476        0.595        6.030            0      514.335      278.639       76.055
      477        1.041        6.058            0      509.040      290.810       71.921
      478        0.853        6.140            0      515.457      274.513       72.256
      479        1.002        5.984            0      514.767      241.969       76.953
      480        1.077        6.079            0      513.617      293.801       73.659
      481        1.082        6.191            0      524.560      263.358       74.539
      482        0.870        6.109            0      520.103      272.960       73.840
      483        1.041        5.962            0      510.431      263.494       75.713
      484        0.951        6.002            0      513.237      257.629       73.017
      485        0.964        6.071            0      513.381      287.942       72.584
      486        1.269        6.082            0      514.935      246.929       74.630
      487        1.473        5.916            0      514.772      252.765       77.984
      488        2.191        5.675            0      508.711      276.614       81.037
      489        2.004        5.806            0      511.081      266.739       81.451
      490        1.989        5.581            0      499.624      243.792       82.408
      491        1.936        5.806            0      509.781      256.963       81.606
      492        2.013        5.684            0      506.351      227.623       80.822
      493        1.115        6.022            0      515.009      236.162       72.625
      494        1.118        6.029            0      512.757      243.041       72.581
      495        1.182        5.955            0      509.336      267.709       73.082
      496        1.063        6.133            0      514.511      297.571       69.295
      497        1.052        6.118            0      516.446      249.221       73.793
      498        1.182        6.002            0      511.561      280.723       72.808
      499        1.061        5.973            0      512.097      237.793       77.889
      500        1.064        6.090            0      515.902      276.538       71.889
      501        1.126        6.083            0      514.757      263.880       73.052
      502        1.445        5.970            0      508.139      265.947       76.379
      503        1.996        5.734            0      506.656      238.574       82.337
      504        2.170        5.503            0      499.162      211.060       86.745
      505        2.148        5.584            0      504.748      201.382       83.083
      506        2.037        5.718            0      510.407      234.308       78.708
      507        2.234        5.549            0      504.492      207.527       83.881
      508        1.985        5.923            0      514.587      197.394       80.583
      509        2.126        5.684            0      511.056      211.045       84.209
      510        2.304        5.604            0      510.601      277.391       83.894
      511        1.957        5.821            0      512.708      215.059       80.610
      512        2.007        5.789            0      508.815      226.109       82.175
      513        1.760        5.981            0      512.165      244.064       75.657
      514        2.179        5.660            0      502.588      254.423       83.712
      515        1.924        5.981            0      515.053      246.533       83.403
      516        2.058        5.701            0      507.079      225.911       79.990
      517        2.076        5.741            0      507.698      226.841       81.220
      518        2.014        5.659            0      505.187      228.835       81.949
      519        1.980        5.835            0      510.882      226.904       83.207
      520        2.088        5.736            0      511.151      254.094       82.008
      521        2.118        5.678            0      505.894      234.657       83.323
      522        2.125        5.771            0      516.135      217.928       82.227
      523        2.175        5.687            0      513.850      219.799       80.457
      524        1.982        5.845            0      513.077      229.654       79.188
      525        1.942        5.828            0      510.289      227.871       80.036
      526        1.998        5.847            0      514.356      212.394       81.868
      527        1.772        5.975            0      514.243      237.618       80.591
      528        2.205        5.554            0      503.151      245.993       81.735
      529        2.049        5.723            0      507.520      233.289       83.105
      530        2.021        5.873            0      513.844      221.925       82.902
      531        2.132        5.802            0      513.877      216.536       81.985
      532        2.024        5.731            0      509.647      229.731       83.350
      533        2.077        5.681            0      506.736      219.372       83.852
      534        2.172        5.747            0      510.970      204.447       82.128
      535        2.094        5.712            0      509.795      209.207       81.523
      536        2.075        5.761            0      506.094      226.150       80.175
      537        2.057        5.813            0      514.544      231.329       81.932
      538        2.019        5.756            0      508.776      226.692       82.025
      539        2.059        5.737            0      504.678      253.596       84.939
      540        2.215        5.640            0      510.287      236.407       83.920
      541        2.160        5.662            0      509.174      221.205       82.314
      542        1.925        5.824            0      511.897      243.189       83.419
      543        2.099        5.656            0      506.830      231.550       80.344
      544        2.222        5.636            0      506.951      215.488       87.207
      545        2.197        5.714            0      510.705      223.438       86.839
      546        2.187        5.512            0      500.593      210.129       82.158
      547        2.011        5.754            0      510.912      222.777       81.551
      548        2.109        5.738            0      509.232      229.764       82.039
      549        2.000        5.712            0      508.357      243.679       86.364
      550        2.078        5.890            0      514.277      266.156       82.866
      551        1.274        6.065            0      510.546      303.539       71.454
      552        0.883        6.164            0      519.117      261.993       74.697
      553        0.911        5.965            0      512.254      300.408       72.227
      554        1.143        5.937            0      512.560      305.299       76.763
      555        0.886        6.123            0      518.632      296.711       74.491
      556        1.066        6.056            0      513.266      290.218       72.139
      557        1.086        6.036            0      515.243      264.238       74.334
      558        0.968        6.080            0      513.395      290.930       71.695
      559        0.850        5.972            0      511.119      316.333       73.364
      560        0.744        6.054            0      514.620      338.264       78.123
      561        0.660        6.022            0      511.159      299.125       71.954
      562        0.575        6.115            0      518.139      279.680       75.312
      563        0.603        6.050            0      515.051      336.248       72.147
      564        1.139        6.102            0      516.822      307.784       74.544
      565        0.797        6.210            0      519.039      301.158       72.838
      566        0.980        6.000            0      514.435      310.201       72.394
      567        0.786        6.139            0      516.133      306.923       73.596
      568        0.941        6.093            0      517.290      288.437       75.102
      569        0.941        6.095            0      511.898      249.579       73.342
      570        0.919        6.068            0      513.386      315.662       71.656
      571        1.350        6.149            0      522.439      302.037       74.194
      572        0.966        6.110            0      511.692      273.476       73.972
      573        0.846        6.026            0      512.347      278.697       75.238
      574        0.760        6.082            0      516.961      317.806       79.034
      575        0.739        6.041            0      514.403      322.579       74.083
      576        0.698        6.045            0      514.498      253.423       73.272
      577        1.101        6.030            0      513.631      277.634       75.757
      578        0.979        6.039            0      514.386      262.223       78.596
      579        1.010        6.011            0      509.454      297.251       73.571
      580        1.178        6.046            0      516.916      243.828       73.742
      581        0.721        6.127            0      514.713      265.834       71.933
      582        0.851        6.054            0      512.132      235.391       71.662
      583        0.993        6.032            0      510.235      265.937       71.686
      584        1.004        6.012            0      507.503      235.174       72.578
      585        1.672        5.971            0      511.956      221.274       72.879
      586        2.038        5.853            0      513.234      225.737       81.426
      587        1.823        6.051            0      520.286      242.925       77.256
      588        2.017        5.772            0      509.935      213.475       80.658
      589        1.966        5.842            0      511.250      218.637       80.045
      590        0.932        5.981            0      516.996      248.977       72.951
      591        1.172        6.128            0      518.254      279.822       75.033
      592        0.940        6.233            0      520.215      255.201       71.338
      593        0.801        6.059            0      512.878      265.958       73.499
      594        0.997        6.145            0      513.244      261.680       72.265
      595        0.754        6.128            0      516.837      260.370       72.125
      596        0.864        6.172            0      517.144      291.436       73.533
      597        0.888        6.261            0      519.029      253.644       74.574
      598        0.954        6.087            0      509.644      287.061       71.317
      599        0.748        6.201            0      516.853      287.186       74.662
      600        0.870        6.010            0      512.730      277.620       70.775
      601        0.856        6.100            0      516.251      282.995       76.636
      602        0.911        6.157            0      517.054      278.597       73.042
      603        0.712        6.102            0      509.637      298.207       72.035
      604        0.913        6.090            0      512.125      260.573       74.487
      605        0.881        6.157            0      516.690      288.611       72.468
      606        0.771        6.097            0      520.704      248.175       74.249
      607        0.950        5.999            0      509.497      234.630       72.013
      608        1.318        6.121            0      518.278      245.970       73.235
      609        1.329        6.050            0      516.516      210.346       73.479
      610        1.303        6.085            0      512.065      251.320       73.827
      611        1.517        6.012            0      514.020      238.454       76.759
      612        1.849        5.875            0      513.923      241.549       83.553
      613        2.079        5.661            0      504.104      226.393       85.108
      614        2.126        5.859            0      512.877      261.470       82.335
      615        1.651        5.995            0      512.221      208.632       71.700
      616        1.283        6.046            0      509.286      197.270       74.509
      617        1.951        5.738            0      507.116      196.485       85.336
      618        1.918        5.929            0      516.421      209.857       81.425
      619        2.084        5.671            0      498.990      216.723       80.561
      620        2.091        5.711            0      509.066      227.408       86.005
      621        2.142        5.705            0      508.878      247.731       82.617
      622        2.110        5.781            0      511.076      216.556       84.756
      623        2.095        5.666            0      503.580      206.655       86.369
      624        2.006        5.735            0      511.257      229.487       86.074
      625        2.240        5.570            0      506.925      245.665       87.897
      626        2.331        5.544            0      508.140      229.097       86.124
      627        2.133        5.635            0      505.244      210.695       89.421
      628        2.118        5.686            0      506.947      231.222       81.676
      629        2.177        5.569            0      504.074      227.560       82.812
      630        2.176        5.570            0      501.078      205.271       83.178
      631        2.171        5.629            0      506.274      247.142       85.453
      632        2.199        5.604            0      505.101      218.399       83.853
      633        2.270        5.652            0      508.419      230.119       82.327
      634        2.376        5.696            0      514.382      245.259       82.933
      635        2.044        5.809            0      510.507      247.845       79.627
      636        1.906        5.839            0      511.090      244.316       79.686
      637        1.077        6.015            0      511.050      261.048       73.690
      638        1.121        6.187            0      513.729      270.116       72.890
      639        0.831        6.209            0      516.001      296.471       72.683
      640        2.092        5.686            0      504.233      210.766       88.820
      641        2.052        5.696            0      506.775      210.347       85.684
      642        2.074        5.700            0      507.634      240.787       80.837
      643        2.057        5.675            0      502.683      243.359       89.864
      644        1.890        5.901            0      512.296      248.340       82.170
      645        2.085        5.629            0      501.808      230.131       89.566
      646        2.039        5.700            0      507.077      221.249       86.458
      647        2.154        5.603            0      503.114      202.424       83.420
      648        2.138        5.666            0      505.145      202.314       83.561
      649        1.949        5.780            0      507.030      211.660       82.476
      650        0.889        6.154            0      514.590      254.367       77.879
      651        1.298        6.052            0      514.388      235.920       78.165
      652        1.272        6.147            0      516.158      229.421       77.514
      653        1.030        6.112            0      516.366      253.060       76.440
      654        1.546        6.053            0      513.598      242.973       87.743
      655        1.449        6.265            0      521.744      239.135       75.244
      656        1.935        5.802            0      506.878      239.095       81.032
      657        1.733        6.047            0      515.393      226.979       78.140
      658        1.792        5.972            0      512.923      258.977       76.863
      659        1.876        5.909            0      514.233      218.705       80.074
      660        1.180        6.168            0      514.839      291.803       75.139
      661        0.884        6.310            0      519.062      294.827       76.858
      662        1.469        6.088            0      513.702      306.043       73.521
      663        2.299        5.876            0      513.495      236.944       83.875
      664        2.326        6.121            0      520.433      250.133       81.077
      665        2.334        5.904            0      519.320      241.199       81.869
      666        2.265        5.877            0      519.871      265.325       83.794
      667        2.232        6.143            0      524.499      286.074       80.452
      668        2.177        6.109            0      522.723      249.312       77.605
      669        2.272        6.029            0      520.876      238.903       81.952
      670        2.349        5.820            0      512.685      244.031       84.123
      671        2.160        6.081            0      516.551      275.518       85.438
      672        2.290        5.952            0      512.995      269.350       81.534
      673        2.360        5.845            0      517.464      282.096       83.508
      674        2.407        5.737            0      510.406      215.773       84.492
      675        2.120        6.091            0      521.836      190.402       79.784
      676        2.126        6.073            0      518.025      257.814       75.548
      677        2.440        5.826            0      510.402      269.578       83.531
      678        2.494        5.744            0      513.331      197.216       81.738
      679        2.474        5.774            0      513.682      171.418       81.637
      680        2.374        5.864            0      519.247      194.320       80.553
      681        2.378        5.752            0      510.567      167.601       84.794
      682        2.402        5.785            0      515.948      193.414       86.635
      683        2.238        6.127            0      522.994      244.588       80.516
      684        2.294        5.958            0      522.614      231.645       82.363
      685        2.442        5.968            0      523.476      202.921       83.537
      686        2.279        6.164            0      520.460      217.623       81.579
      687        2.278        6.081            0      514.680      211.412       79.256
      688        2.226        5.970            0      517.922      218.337       82.857
      689        2.133        6.047            0      520.585      203.228       84.334
      690        2.090        5.892            0      514.841      221.751       80.567
      691        2.300        5.834            0      514.957      210.604       91.085
      692        2.006        6.205            0      524.960      194.411       79.349
      693        1.879        6.129            0      523.007      193.996       74.287
      694        2.244        5.954            0      514.858      210.936       81.024
      695        1.748        6.279            0      523.553      222.474       81.872
      696        2.238        5.919            0      516.656      215.201       83.919
      697        2.365        6.021            0      517.459      234.368       82.773
      698        1.860        6.198            0      513.654      250.788       72.745
      699        1.752        6.320            0      523.010      238.585       75.689
      700        1.769        6.302            0      517.228      227.053       71.180
      701        2.020        6.297            0      522.136      200.764       73.831
      702        2.161        6.143            0      515.020      216.750       77.431
      703        2.378        5.829            0      510.373      239.688       80.439
      704        2.329        5.980            0      518.856      248.672       83.799
      705        2.211        6.166            0      519.352      264.777       81.149
      706        2.387        5.846            0      509.714      248.026       84.364
      707        2.198        6.028            0      519.802      209.502       79.839
      708        1.931        6.190            0      520.098      218.826       73.264
      709        2.287        6.061            0      520.845      225.365       80.132
      710        2.274        5.976            0      517.858      235.211       79.423
      711        2.115        6.144            0      521.031      214.224       75.908
      712        1.747        6.205            0      522.844      259.418       72.162
      713        1.843        6.320            0      515.056      267.991       72.444
      714        2.151        6.269            0      522.683      229.415       78.736
      715        1.919        6.407            0      531.701      227.808       70.417
      716        1.740        6.348            0      517.604      267.939       69.508
      717        1.722        6.367            0      525.669      247.304       74.734
      718        1.682        6.338            0      522.365      248.886       75.052
      719        1.810        6.244            0      517.621      239.040       73.586
      720        2.216        6.081            0      518.952      236.285       78.754
      721        2.221        6.179            0      516.507      256.259       75.335
      722        2.056        6.129            0      516.223      214.936       76.030
      723        2.299        6.001            0      513.784      263.906       78.762
      724        2.398        6.148            0      523.193      246.843       80.610
      725        2.360        6.008            0      515.028      224.089       78.739
      726        2.206        6.096            0      511.813      239.117       79.044
      727        2.226        6.175            0      524.448      229.079       78.157
      728        2.375        5.962            0      510.059      227.515       82.845
      729        2.303        5.882            0      517.603      218.706       82.361
      730        2.188        6.133            0      520.943      270.010       79.618
      731        2.452        5.939            0      517.756      263.342       80.871
      732        1.969        6.183            0      515.584      245.271       73.705
      733        1.840        6.264            0      511.615      280.256       71.765
      734        2.187        6.228            0      517.845      247.587       73.749
      735        2.338        6.039            0      514.055      212.779       82.404
      736        2.222        5.988            0      512.418      212.196       76.246
      737        2.005        6.195            0      516.004      205.176       77.950
      738        2.438        5.992            0      513.403      214.383       82.009
      739        2.317        6.006            0      513.177      243.302       75.477
      740        2.339        6.068            0      518.926      257.492       77.825
      741        2.288        6.099            0      522.673      244.220       80.070
      742        2.187        6.069            0      517.856      215.210       78.778
      743        2.335        6.049            0      514.856      239.743       81.133
      744        1.760        6.211            0      522.733      218.602       72.423
      745        1.710        6.241            0      522.042      256.716       74.255
      746        1.753        6.255            0      520.471      242.977       71.965
      747        2.186        6.137            0      524.210      231.691       73.597
      748        2.432        6.042            0      516.176      232.346       80.253
      749        2.323        6.019            0      520.009      228.173       79.842
      750        2.435        6.023            0      516.170      214.650       80.641
      751        1.775        6.178            0      516.010      254.421       73.049
      752        1.643        6.236            0      516.181      281.146       73.088
      753        1.674        6.525            0      526.154      279.475       74.014
      754        1.632        6.516            0      521.849      231.897       73.205
      755        1.483        6.330            0      512.894      230.622       72.109
      756        1.470        6.324            0      514.378      276.668       73.379
      757        1.595        6.470            0      523.537      281.907       74.152
      758        1.478        6.331            0      519.290      250.650       76.766
      759        1.471        6.356            0      519.113      255.774       73.277
      760        1.545        6.374            0      518.777      270.611       72.057
      761        1.439        6.262            0      520.483      271.266       73.331
      762        1.537        6.289            0      516.085      255.135       77.177
      763        1.426        6.141            0      511.060      237.960       69.558
      764        1.445        6.210            0      515.695      256.006       72.921
      765        1.325        6.284            0      522.146      272.705       70.418
      766        1.602        6.262            0      514.836      285.362       72.584
      767        1.485        6.154            0      512.380      270.866       72.063
      768        1.478        6.198            0      521.099      274.661       72.513
      769        1.502        6.382            0      523.356      288.919       68.964
      770        1.511        6.169            0      512.014      259.509       70.592
      771        1.566        6.386            0      519.461      282.320       71.562
      772        1.523        6.461            0      526.144      293.556       74.434
      773        1.504        6.302            0      518.023      255.716       71.830
      774        1.380        6.236            0      524.059      285.109       72.363
      775        1.541        6.397            0      527.984      301.312       72.914
      776        1.620        6.348            0      524.288      285.280       72.657
      777        1.825        6.197            0      520.083      266.092       80.298
      778        1.528        6.364            0      525.177      296.340       71.483
      779        1.359        6.233            0      522.147      256.404       72.273
      780        1.466        6.279            0      517.959      274.821       71.762
      781        1.494        6.203            0      512.197      265.100       70.382
      782        1.490        6.414            0      522.585      280.329       74.589
      783        1.585        6.417            0      526.171      284.496       73.621
      784        1.344        6.216            0      521.002      300.774       72.688
      785        1.517        6.374            0      524.610      310.119       72.827
      786        1.399        6.236            0      527.384      282.069       74.105
      787        1.851        6.233            0      517.068      302.355       71.436
      788        1.691        6.397            0      526.561      272.736       71.070
      789        1.690        6.266            0      514.431      270.564       72.319
      790        1.643        6.215            0      511.371      261.059       69.949
      791        1.685        6.227            0      513.339      274.706       75.221
      792        1.766        6.323            0      516.222      255.084       71.897
      793        1.855        6.446            0      521.219      294.206       72.622
      794        1.691        6.380            0      518.935      299.207       71.942
      795        1.700        6.321            0      518.539      280.169       74.420
      796        1.727        6.217            0      512.901      261.434       76.099
      797        1.709        6.334            0      517.721      288.508       73.878
      798        1.731        6.311            0      516.316      286.685       71.544
      799        1.636        6.291            0      520.664      262.537       76.827
      800        1.754        6.335            0      519.251      295.876       75.156
      801        1.807        6.331            0      512.713      270.088       71.064
      802        1.696        6.329            0      519.831      313.224       73.655
      803        1.669        6.206            0      518.171      262.803       72.352
      804        1.658        6.206            0      516.956      233.756       74.501
      805        1.547        6.338            0      523.133      251.152       74.943
      806        1.599        6.247            0      521.898      230.976       71.857
      807        1.476        6.274            0      521.369      250.576       76.918
      808        1.686        6.211            0      516.355      265.422       72.626
      809        1.854        6.273            0      512.334      265.670       73.401
      810        1.696        6.402            0      520.733      232.114       74.104
      811        1.847        6.313            0      516.439      237.702       73.140
      812        1.605        6.243            0      521.094      263.585       74.225
      813        1.686        6.362            0      519.937      256.134       70.711
      814        1.476        6.226            0      513.395      263.465       73.652
      815        1.289        6.308            0      525.249      266.270       71.295
      816        1.414        6.126            0      508.780      257.238       72.506
      817        1.644        6.457            0      525.911      289.341       73.975
      818        1.472        6.211            0      513.486      215.879       72.793
      819        1.477        6.149            0      513.572      226.409       74.317
      820        1.536        6.231            0      519.631      300.818       72.479
      821        1.622        6.262            0      514.563      255.426       70.524
      822        1.590        6.356            0      522.820      276.998       69.454
      823        1.592        6.273            0      517.769      279.725       71.074
      824        1.546        6.418            0      521.407      274.237       69.319
      825        1.661        6.191            0      515.695      259.826       73.064
      826        1.631        6.425            0      521.342      305.607       69.369
      827        1.485        6.244            0      517.714      307.954       70.972
      828        1.413        6.266            0      514.480      277.437       71.192
      829        1.531        6.409            0      522.914      289.492       72.621
      830        1.544        6.482            0      522.738      268.368       73.098
      831        1.528        6.287            0      513.824      284.258       71.613
      832        1.594        6.417            0      524.741      267.470       76.206
      833        1.438        6.332            0      519.546      247.983       71.409
      834        1.459        6.220            0      517.692      265.339       73.750
      835        1.501        6.365            0      518.108      258.263       71.278
      836        1.460        6.275            0      517.603      259.797       74.283
      837        1.485        6.211            0      516.964      265.030       72.090
      838        1.460        6.318            0      516.221      220.294       71.440
      839        1.485        6.348            0      521.558      235.400       74.255
      840        1.787        6.355            0      518.691      211.820       73.863
      841        1.629        6.453            0      525.088      262.173       74.703
      842        1.513        6.406            0      519.594      266.500       72.125
      843        1.510        6.231            0      512.268      242.713       71.102
      844        1.551        6.321            0      517.354      249.006       70.411
      845        1.564        6.339            0      519.024      228.963       71.312
      846        1.629        6.371            0      520.705      259.176       72.097
      847        1.517        6.370            0      517.895      264.730       71.898
      848        1.587        6.464            0      519.397      232.994       75.938
      849        1.598        6.424            0      519.266      217.472       71.994
      850        1.512        6.370            0      522.640      238.067       71.697
      851        1.559        6.374            0      519.164      305.856       73.001
      852        1.584        6.428            0      524.777      287.108       71.776
      853        1.561        6.467            0      521.784      264.514       71.525
      854        1.498        6.237            0      513.459      249.809       72.756
      855        1.514        6.380            0      520.285      250.746       70.409
      856        1.531        6.444            0      518.155      260.439       72.095
      857        1.543        6.300            0      516.825      277.167       74.218
      858        1.509        6.309            0      517.870      263.423       69.101
      859        1.567        6.320            0      514.875      263.022       69.089
      860        1.500        6.314            0      513.078      267.913       74.074
      861        1.439        6.219            0      514.175      250.547       74.375
      862        1.480        6.297            0      517.149      246.146       73.765
      863        1.539        6.149            0      513.670      271.868       68.934
      864        1.459        6.150            0      509.701      292.048       71.023
      865        1.529        6.259            0      516.477      273.916       72.261
      866        1.476        6.283            0      519.186      290.610       70.318
      867        1.366        6.229            0      521.155      256.575       71.693
      868        1.377        6.263            0      517.796      274.532       70.743
      869        1.413        6.455            0      523.374      287.029       72.465
      870        1.476        6.228            0      517.155      268.248       69.620
      871        1.417        6.258            0      515.099      267.377       73.208
      872        1.465        6.264            0      515.154      257.627       72.333
      873        1.348        6.275            0      520.445      270.474       74.636
      874        1.399        6.250            0      517.697      269.572       70.888
      875        1.302        6.186            0      516.983      275.153       72.396
      876        1.429        6.093            0      520.387      257.360       73.984
      877        1.325        6.276            0      515.857      245.591       73.145
      878        1.368        6.259            0      518.436      266.420       73.047
      879        1.419        6.219            0      518.632      274.915       73.304
      880        1.285        6.359            0      523.470      279.254       72.644
      881        1.373        6.349            0      521.211      223.876       71.366
      882        1.513        6.357            0      521.143      270.533       72.816
      883        1.454        6.170            0      511.703      256.278       72.572
      884        1.509        6.102            0      516.590      284.980       73.599
      885        1.376        6.329            0      519.486      283.614       71.701
      886        1.434        6.144            0      512.899      265.640       71.542
      887        1.261        6.221            0      519.082      257.148       74.538
      888        1.383        6.412            0      522.158      248.020       74.440
      889        1.403        6.221            0      517.068      239.267       73.283
      890        1.290        6.214            0      526.360      263.729       72.663
      891        1.430        6.314            0      517.056      265.996       75.536
      892        1.454        6.371            0      524.703      266.143       72.529
      893        1.321        6.261            0      519.755      234.103       72.351
      894        1.403        6.171            0      511.459      217.616       75.219
      895        1.331        6.303            0      523.359      236.871       71.903
      896        1.492        6.375            0      523.492      240.435       72.864
      897        1.452        6.365            0      524.224      259.276       73.539
      898        1.362        6.258            0      518.416      253.707       75.271
      899        1.267        6.351            0      523.990      244.967       72.336
      900        1.265        6.246            0      520.393      241.769       70.256
      901        1.517        6.280            0      515.255      249.588       72.914
      902        1.326        6.280            0      522.527      233.656       72.291
      903        1.346        6.265            0      519.711      273.395       71.535
      904        1.434        6.427            0      522.930      239.558       72.293
      905        1.263        6.285            0      520.772      254.106       69.369
      906        1.367        6.276            0      520.450      281.946       70.705
      907        1.587        6.275            0      522.480      291.323       70.413
      908        1.360        6.313            0      522.672      267.698       75.239
      909        1.339        6.269            0      517.892      288.184       71.885
      910        1.620        6.502            0      524.833      269.998       74.612
      911        1.526        6.305            0      517.986      275.035       72.834
      912        1.496        6.343            0      523.003      268.788       76.576
      913        1.490        6.198            0      516.494      259.770       73.338
      914        1.426        6.175            0      509.922      251.035       73.788
      915        1.450        6.303            0      512.026      266.855       71.565
      916        1.500        6.257            0      516.787      234.448       70.748
      917        1.408        6.203            0      511.052      292.334       69.013
      918        1.423        6.201            0      513.085      287.134       68.739
      919        1.368        6.187            0      511.878      262.869       71.352
      920        1.405        6.247            0      517.479      250.461       73.281
      921        1.364        6.308            0      521.343      235.530       74.593
      922        1.299        6.245            0      519.497      231.440       71.307
      923        1.397        6.438            0      524.517      232.712       72.421
      924        1.524        6.278            0      514.692      246.611       74.039
      925        1.346        6.268            0      518.618      255.974       73.127
      926        1.418        6.191            0      513.669      252.276       72.631
      927        1.311        6.263            0      521.624      255.719       76.877
      928        1.289        6.217            0      520.720      251.460       72.907
      929        1.389        6.307            0      523.797      270.259       73.940
      930        1.279        6.276            0      522.206      262.767       72.940
      931        1.279        6.251            0      517.415      245.477       72.547
      932        1.248        6.301            0      523.109      232.633       77.924
      933        1.410        6.246            0      518.551      255.411       70.185
      934        1.462        6.150            0      517.436      276.640       73.283
      935        1.313        6.232            0      519.743      250.174       75.742
      936        1.582        6.186            0      517.825      258.112       75.504
      937        2.346        6.042            0      511.660      273.380       83.515
      938        2.230        6.145            0      522.217      226.567       80.029
      939        2.027        6.054            0      507.647      205.876       72.785
      940        2.037        6.179            0      524.114      230.809       74.553
      941        2.166        6.123            0      523.503      231.668       75.921
      942        2.194        5.966            0      517.740      219.621       79.439
      943        2.113        6.020            0      517.203      242.743       81.096
      944        2.310        5.837            0      504.117      196.217       81.664
      945        2.493        5.748            0      504.617      242.930       80.070
      946        2.454        5.912            0      506.353      238.795       82.184
      947        2.401        5.876            0      509.120      230.068       84.139
      948        2.286        5.948            0      515.915      208.254       80.311
      949        2.290        5.866            0      504.437      227.169       82.434
      950        2.492        5.833            0      508.752      244.245       85.290
      951        2.428        6.049            0      513.094      214.631       81.920
      952        2.150        6.085            0      514.989      248.216       76.865
      953        2.348        5.894            0      507.879      214.708       81.443
      954        2.284        5.986            0      509.990      216.559       79.501
      955        2.175        6.062            0      521.462      215.089       77.620
      956        2.244        5.997            0      517.365      207.128       79.447
      957        2.275        5.948            0      512.054      226.066       80.501
      958        1.950        6.313            0      517.675      217.203       72.735
      959        1.526        6.173            0      511.403      246.393       72.959
      960        1.711        6.190            0      517.576      247.878       73.545
      961        1.575        6.215            0      517.147      280.535       77.251
      962        1.764        6.185            0      515.774      257.385       76.641
      963        1.583        6.271            0      512.176      253.870       72.528
      964        1.507        6.328            0      519.442      250.998       74.918
      965        1.645        6.266            0      522.450      245.032       75.484
      966        1.700        6.264            0      525.232      237.470       69.887
      967        1.715        6.145            0      519.727      287.747       79.240
      968        1.800        6.324            0      519.024      287.748       69.314
      969        1.770        6.165            0      511.754      304.246       73.562
      970        1.768        6.248            0      517.554      286.149       76.004
      971        1.728        6.226            0      517.396      264.607       72.461
      972        1.713        6.157            0      515.146      257.263       75.150
      973        1.686        6.390            0      521.687      284.006       75.003
      974        1.505        6.259            0      522.821      263.443       71.210
      975        1.567        6.281            0      517.451      302.817       72.763
      976        1.516        6.308            0      517.997      309.876       73.289
      977        1.471        6.354            0      522.158      274.295       81.422
      978        1.448        6.338            0      521.323      290.750       74.667
      979        1.382        6.206            0      512.473      291.129       71.787
      980        1.439        6.107            0      514.470      291.251       72.385
      981        1.417        6.196            0      515.825      280.185       74.796
      982        1.472        6.227            0      516.624      261.918       74.168
      983        1.401        6.271            0      524.209      298.637       72.143
      984        1.509        6.387            0      523.222      273.010       73.028
      985        1.607        6.184            0      514.948      223.768       80.277
      986        1.595        6.283            0      514.755      253.856       74.754
      987        1.365        6.237            0      519.564      238.462       71.915
      988        1.499        6.161            0      511.107      244.977       78.016
      989        1.579        6.257            0      517.249      228.109       77.059
      990        1.500        6.214            0      513.858      215.770       70.576
      991        1.275        6.233            0      520.473      249.108       71.957
      992        1.505        6.242            0      513.866      215.152       72.150
      993        1.603        6.158            0      517.276      205.207       72.368
      994        1.752        6.352            0      520.393      233.064       73.276
      995        1.620        6.146            0      513.106      266.663       73.340
      996        1.470        6.289            0      513.918      247.347       71.963
      997        1.340        6.153            0      516.904      222.406       70.559
      998        1.544        6.346            0      516.748      279.577       73.325
      999        1.529        6.383            0      521.946      279.930       73.242
     1000        1.494        6.295            0      513.809      292.548       73.303
