  Frame #         RMSD         rGyr      intraHB        MolSA         SASA          PSA
        0        0.000        6.118            0      537.775       93.533       67.876
        1        0.891        5.770            0      526.550      100.318       66.397
        2        1.229        5.680            0      532.518      118.545       71.471
        3        1.072        5.726            0      530.758      117.895       70.106
        4        1.204        5.680            0      533.078      120.122       72.516
        5        1.390        5.704            0      536.077      100.762       74.616
        6        1.346        5.619            0      528.926      117.908       70.724
        7        1.666        5.571            0      530.411      119.786       63.240
        8        1.765        5.468            0      527.915      125.829       67.041
        9        1.692        5.561            0      531.735      143.251       63.349
       10        1.730        5.521            0      529.580      116.313       65.934
       11        1.848        5.474            0      529.030      116.651       63.808
       12        1.577        5.527            0      526.392      139.912       63.371
       13        1.698        5.525            0      533.103      138.944       68.203
       14        1.761        5.506            0      530.422      134.374       66.692
       15        1.549        5.590            0      530.695      124.581       65.994
       16        2.177        5.335            0      528.305      137.550       67.671
       17        1.896        5.454            0      533.846      152.121       65.905
       18        1.870        5.433            0      530.004      131.604       68.013
       19        1.655        5.524            0      528.436      151.672       65.029
       20        1.948        5.426            0      529.264      129.935       64.345
       21        1.775        5.406            0      522.434      159.725       66.992
       22        1.647        5.554            0      531.368      144.255       66.225
       23        1.589        5.527            0      526.929      165.966       70.073
       24        1.846        5.469            0      526.032      141.999       67.974
       25        1.549        5.616            0      533.617      147.938       65.196
       26        1.901        5.444            0      529.744      131.458       64.359
       27        1.952        5.448            0      531.066      160.874       69.928
       28        1.784        5.448            0      529.057      148.066       62.758
       29        2.083        5.363            0      528.565      129.392       67.583
       30        1.908        5.454            0      530.276      154.497       66.119
       31        1.782        5.468            0      533.126      116.790       66.979
       32        1.994        5.344            0      523.402      113.676       66.209
       33        1.917        5.449            0      527.488      106.448       66.376
       34        1.727        5.484            0      532.344      114.305       67.310
       35        1.832        5.407            0      524.668      113.501       63.495
       36        1.852        5.410            0      526.878       93.570       69.277
       37        1.894        5.463            0      532.667       83.425       69.422
       38        1.589        5.558            0      531.110      110.421       63.710
       39        1.991        5.294            0      521.694      107.447       70.252
       40        1.990        5.308            0      525.200      118.145       66.138
       41        1.819        5.470            0      531.141      107.060       63.554
       42        2.171        5.276            0      526.787       72.156       62.598
       43        2.148        5.333            0      526.863       69.288       65.560
       44        2.054        5.319            0      523.430       74.963       64.567
       45        2.002        5.386            0      529.127       64.250       68.989
       46        2.074        5.325            0      530.768       71.128       66.372
       47        2.195        5.296            0      528.616       71.637       62.935
       48        2.153        5.303            0      528.637       65.083       66.231
       49        1.878        5.355            0      522.065       73.407       73.476
       50        2.243        5.252            0      528.893       54.105       68.805
       51        2.127        5.362            0      531.388       83.129       67.292
       52        1.863        5.457            0      530.095       79.828       68.502
       53        2.006        5.333            0      521.343       77.626       69.077
       54        1.918        5.481            0      527.188       86.716       62.704
       55        1.882        5.491            0      530.769       96.578       66.055
       56        1.946        5.463            0      525.401       84.271       67.679
       57        1.963        5.461            0      528.343       75.948       61.931
       58        1.921        5.456            0      533.880       72.452       65.834
       59        1.860        5.520            0      529.428       93.349       66.270
       60        1.958        5.398            0      526.744       68.003       66.592
       61        2.070        5.385            0      527.371       76.823       63.734
       62        1.601        5.681            0      532.559       87.939       63.401
       63        1.984        5.443            0      528.167       77.089       66.620
       64        2.007        5.481            0      530.688      108.328       67.071
       65        1.902        5.498            0      528.938      107.464       62.143
       66        2.070        5.305            0      521.303      115.494       68.118
       67        1.909        5.516            0      530.728       92.299       67.460
       68        1.796        5.497            0      525.967       81.621       67.385
       69        1.955        5.393            0      526.917       69.798       71.375
       70        1.942        5.380            0      526.853       71.427       65.803
       71        1.582        5.626            0      532.558       83.140       68.651
       72        1.646        5.528            0      529.208       82.265       67.128
       73        1.579        5.629            0      531.867       88.917       62.717
       74        1.727        5.528            0      526.025       85.261       63.911
       75        1.620        5.567            0      531.611       83.457       65.401
       76        1.596        5.573            0      527.991       78.764       60.455
       77        1.802        5.503            0      524.813       74.137       68.150
       78        1.647        5.510            0      527.866      100.495       68.273
       79        1.469        5.632            0      531.102       87.802       64.943
       80        1.437        5.590            0      527.295       87.450       72.649
       81        1.383        5.611            0      528.792       85.758       67.865
       82        1.489        5.642            0      529.165       97.173       61.434
       83        1.689        5.438            0      526.004       74.564       69.163
       84        1.667        5.574            0      531.502       67.674       60.259
       85        1.772        5.543            0      528.350       65.047       63.564
       86        1.595        5.563            0      530.266       70.708       65.573
       87        1.742        5.496            0      528.794       80.044       63.213
       88        1.664        5.555            0      527.304       78.970       66.025
       89        1.455        5.702            0      533.647       77.699       67.497
       90        1.584        5.528            0      529.744       80.803       69.951
       91        1.652        5.609            0      530.684       75.518       60.135
       92        1.786        5.477            0      527.261       64.843       62.934
       93        1.539        5.643            0      532.033       78.681       70.729
       94        1.839        5.472            0      525.687       74.379       65.612
       95        1.697        5.555            0      529.365       73.855       62.846
       96        1.919        5.429            0      528.335       82.603       69.563
       97        1.720        5.560            0      529.095       72.206       67.424
       98        1.908        5.489            0      527.062       77.710       62.595
       99        1.975        5.426            0      529.910       60.131       65.577
      100        2.139        5.404            0      530.827       77.804       64.274
      101        1.845        5.496            0      529.378       83.013       64.084
      102        1.545        5.536            0      528.783       90.041       72.781
      103        1.906        5.479            0      531.754       79.066       68.359
      104        1.964        5.526            0      533.251       90.725       66.469
      105        1.645        5.524            0      528.089       97.724       64.430
      106        1.505        5.641            0      529.809       90.359       63.788
      107        1.756        5.507            0      528.922      100.886       64.836
      108        1.977        5.412            0      527.411       96.702       61.957
      109        1.802        5.521            0      530.559       94.906       65.367
      110        1.877        5.446            0      525.521       91.794       62.906
      111        2.104        5.399            0      531.092       79.786       67.614
      112        2.019        5.394            0      529.836       94.625       67.529
      113        1.970        5.448            0      530.495       85.335       68.404
      114        1.986        5.396            0      528.299       89.532       69.188
      115        2.187        5.319            0      533.081       85.541       69.475
      116        2.437        5.163            0      511.206       68.630       77.683
      117        1.874        5.432            0      525.748       86.996       69.671
      118        2.093        5.290            0      526.165       76.563       69.233
      119        1.983        5.393            0      526.697       80.350       73.828
      120        2.101        5.327            0      526.278       75.511       64.023
      121        2.036        5.398            0      526.197      109.822       62.570
      122        2.225        5.279            0      525.294       85.166       69.775
      123        2.047        5.280            0      520.674       83.090       74.194
      124        2.081        5.300            0      522.036       80.193       63.636
      125        2.110        5.331            0      526.974       75.587       68.466
      126        2.064        5.379            0      529.017       86.073       69.514
      127        1.807        5.415            0      523.455       85.477       73.332
      128        1.941        5.325            0      526.547       82.206       73.891
      129        2.012        5.252            0      521.015       86.932       74.942
      130        1.988        5.364            0      524.830       82.925       66.678
      131        1.918        5.438            0      528.148       93.778       62.719
      132        1.617        5.560            0      528.210       90.850       66.325
      133        2.071        5.292            0      521.687       80.950       60.918
      134        1.872        5.473            0      529.605       79.636       63.628
      135        2.088        5.392            0      524.558       95.429       60.287
      136        2.075        5.409            0      530.239      108.531       62.319
      137        1.477        5.613            0      528.025       99.320       73.971
      138        1.759        5.414            0      521.066      100.207       69.100
      139        1.807        5.481            0      528.003       87.815       61.419
      140        1.643        5.578            0      534.853       77.032       69.287
      141        1.682        5.517            0      529.228       80.507       70.085
      142        1.808        5.439            0      529.441       79.274       70.078
      143        2.239        5.232            0      523.962       76.662       68.543
      144        1.575        5.574            0      528.920       93.069       69.404
      145        2.113        5.368            0      528.055      116.276       64.020
      146        1.677        5.537            0      530.962       98.951       69.426
      147        1.693        5.522            0      529.155      106.878       67.832
      148        1.465        5.667            0      533.684       94.552       60.354
      149        1.645        5.511            0      530.349       94.732       63.971
      150        1.731        5.439            0      525.288      109.868       68.680
      151        1.567        5.597            0      532.006      105.280       63.298
      152        1.696        5.560            0      530.803       87.662       67.544
      153        2.177        5.287            0      525.242       85.645       72.024
      154        2.035        5.336            0      521.118       74.408       70.233
      155        2.184        5.304            0      524.219       92.176       68.822
      156        1.971        5.372            0      524.817       83.383       66.341
      157        1.849        5.525            0      531.982       88.282       67.204
      158        1.906        5.448            0      529.236       91.230       67.699
      159        1.860        5.462            0      526.234       91.501       71.115
      160        1.789        5.470            0      526.453       88.324       68.820
      161        1.822        5.469            0      532.297      102.512       67.598
      162        1.671        5.526            0      528.910       87.373       65.915
      163        1.966        5.356            0      524.234       95.845       67.435
      164        1.480        5.667            0      531.223       80.894       69.644
      165        1.565        5.613            0      532.019       79.497       67.762
      166        1.425        5.705            0      531.901      100.683       61.995
      167        1.590        5.543            0      525.191      104.649       65.161
      168        1.840        5.495            0      533.225       83.830       64.851
      169        2.062        5.343            0      526.754       91.950       70.760
      170        1.554        5.586            0      533.430      103.127       66.761
      171        1.648        5.628            0      533.935      100.515       68.203
      172        1.579        5.596            0      533.527       97.769       67.530
      173        1.851        5.492            0      530.467       98.790       69.203
      174        1.732        5.501            0      526.144       79.272       64.219
      175        1.784        5.460            0      530.205      101.883       65.482
      176        1.626        5.589            0      532.202       82.930       66.126
      177        1.664        5.533            0      530.286       91.018       70.437
      178        1.685        5.513            0      530.202       80.913       63.572
      179        1.685        5.506            0      525.814       74.782       66.661
      180        1.740        5.511            0      531.114       58.832       70.578
      181        1.672        5.471            0      528.396       85.337       62.883
      182        1.520        5.530            0      527.788       66.785       61.616
      183        1.728        5.441            0      528.700       95.859       66.121
      184        1.616        5.536            0      527.135       71.163       66.265
      185        1.533        5.587            0      530.513       80.066       64.955
      186        1.739        5.421            0      526.787       76.072       67.392
      187        1.546        5.603            0      532.791       65.309       72.077
      188        1.550        5.484            0      527.890       56.629       68.126
      189        1.645        5.480            0      528.792       84.102       68.447
      190        1.717        5.453            0      527.984       63.693       69.971
      191        1.713        5.561            0      530.753       77.229       68.309
      192        1.712        5.485            0      529.302       84.147       70.132
      193        1.912        5.375            0      519.729       92.450       73.052
      194        1.740        5.495            0      530.552       66.097       66.385
      195        1.592        5.581            0      531.848       78.958       66.047
      196        1.629        5.580            0      531.634       93.937       66.137
      197        1.704        5.514            0      530.361       73.358       65.217
      198        1.462        5.581            0      530.131       77.220       66.810
      199        1.712        5.478            0      527.948       61.414       69.078
      200        1.649        5.556            0      531.682       75.776       67.637
      201        1.530        5.591            0      529.256       71.039       64.467
      202        1.606        5.485            0      530.156       67.414       68.170
      203        1.491        5.670            0      533.825       78.414       65.333
      204        1.623        5.605            0      537.031       69.000       64.056
      205        1.710        5.476            0      524.684       57.157       67.087
      206        1.727        5.507            0      531.174       63.798       70.407
      207        1.565        5.597            0      531.489       89.211       69.106
      208        1.524        5.545            0      526.624       77.666       65.322
      209        1.541        5.554            0      526.739       68.257       65.554
      210        1.954        5.448            0      527.165       68.986       66.216
      211        1.760        5.487            0      530.947       63.069       67.530
      212        1.330        5.650            0      531.864       70.912       66.466
      213        1.844        5.485            0      529.552       74.518       65.654
      214        2.038        5.330            0      530.013       83.537       67.250
      215        1.777        5.495            0      527.987       65.123       64.814
      216        1.568        5.561            0      529.481       78.964       68.850
      217        1.785        5.489            0      528.063       63.088       64.486
      218        1.628        5.530            0      528.892       78.467       70.032
      219        1.624        5.559            0      532.116       81.159       67.539
      220        1.749        5.474            0      529.809       75.271       70.765
      221        1.986        5.400            0      529.587       51.198       68.677
      222        1.487        5.627            0      530.689       83.586       70.854
      223        1.734        5.508            0      532.153       74.477       70.003
      224        1.589        5.564            0      531.486       88.387       70.303
      225        1.866        5.457            0      530.184       88.979       66.126
      226        1.809        5.468            0      528.557       98.354       65.083
      227        1.736        5.421            0      526.020      100.377       66.373
      228        1.617        5.569            0      526.846       78.926       66.768
      229        1.808        5.534            0      528.139       92.508       67.627
      230        1.619        5.604            0      530.252       73.251       61.742
      231        1.572        5.619            0      534.258       97.191       66.203
      232        1.726        5.498            0      528.578       88.306       67.788
      233        1.505        5.640            0      531.261       66.859       67.663
      234        1.783        5.472            0      527.541       84.558       69.640
      235        1.642        5.549            0      528.829       64.712       69.248
      236        1.699        5.554            0      534.826       96.620       66.423
      237        1.429        5.737            0      534.711       93.714       64.313
      238        1.186        5.715            0      530.279       91.312       63.753
      239        1.380        5.722            0      532.855       92.486       63.097
      240        1.421        5.688            0      530.276       67.718       66.727
      241        1.267        5.676            0      527.670       78.584       62.542
      242        1.202        5.817            0      529.881       88.314       62.994
      243        1.211        5.764            0      528.831      102.094       61.732
      244        1.025        5.805            0      531.980       87.327       64.828
      245        1.092        5.796            0      534.206       85.751       68.539
      246        1.089        5.836            0      533.940      107.105       61.966
      247        1.053        5.800            0      532.525       82.893       62.961
      248        1.139        5.776            0      531.785       96.970       63.991
      249        0.958        5.879            0      538.309       89.868       66.306
      250        0.899        5.898            0      532.549       85.993       64.218
      251        0.957        5.791            0      530.514       80.697       66.912
      252        0.875        5.893            0      532.300       98.597       69.215
      253        1.057        5.799            0      530.334       76.477       69.956
      254        0.914        5.858            0      531.479       91.804       64.944
      255        1.326        5.681            0      528.087       87.675       66.056
      256        1.002        5.844            0      529.928       96.964       62.400
      257        1.070        5.768            0      531.457      127.520       67.498
      258        1.111        5.793            0      533.331       93.888       69.972
      259        1.187        5.681            0      527.679       83.822       69.505
      260        1.147        5.670            0      521.455       80.701       62.689
      261        1.051        5.855            0      532.734       95.727       68.016
      262        1.050        5.759            0      524.857       99.508       60.319
      263        0.801        5.972            0      537.273       95.512       72.676
      264        0.916        5.888            0      528.009       95.570       72.857
      265        0.672        6.057            0      536.413      112.599       75.071
      266        0.662        6.092            0      540.342      103.968       73.151
      267        0.589        6.001            0      534.977      112.045       79.886
      268        0.697        6.013            0      537.830       85.456       73.918
      269        0.710        5.969            0      536.756      112.005       70.445
      270        0.464        5.931            0      533.243       92.789       66.581
      271        0.596        5.946            0      532.789       95.002       68.683
      272        0.897        5.957            0      539.559      107.029       80.604
      273        0.539        5.982            0      532.048       88.477       70.462
      274        0.876        5.783            0      529.677       60.025       77.810
      275        0.933        5.896            0      537.756       65.916       80.792
      276        0.691        5.976            0      534.942       94.364       67.855
      277        0.871        5.862            0      529.968       84.232       71.558
      278        0.504        5.966            0      535.375       75.924       70.565
      279        0.731        5.872            0      524.943       55.028       65.081
      280        0.696        5.921            0      528.865       55.147       67.477
      281        1.173        5.734            0      524.095       84.846       85.650
      282        1.200        5.718            0      525.030       84.619       85.083
      283        1.252        5.622            0      518.048       88.920       81.293
      284        0.959        5.934            0      534.298      109.881       77.736
      285        1.079        5.720            0      523.502       87.229       75.534
      286        1.193        5.668            0      524.852       69.046       79.019
      287        1.031        5.786            0      522.217       97.850       73.619
      288        1.104        5.727            0      522.258       73.466       80.082
      289        1.054        5.758            0      524.458       69.802       72.917
      290        1.098        5.769            0      529.377       63.118       79.680
      291        0.911        5.903            0      532.138       79.065       71.559
      292        1.097        5.729            0      529.455       68.792       76.680
      293        1.155        5.727            0      522.688       75.652       74.916
      294        1.282        5.696            0      522.383       85.569       83.696
      295        1.035        5.826            0      523.817       78.421       78.713
      296        1.122        5.711            0      526.739       79.467       77.426
      297        1.072        5.826            0      526.973       76.458       75.827
      298        1.078        5.723            0      523.982       89.514       74.445
      299        1.049        5.815            0      526.105       92.751       68.388
      300        1.092        5.792            0      523.984      139.715       73.445
      301        0.943        5.763            0      522.274      155.876       76.606
      302        0.910        5.887            0      525.667      186.453       69.815
      303        0.935        5.923            0      528.921      163.115       70.479
      304        1.013        5.776            0      521.134      152.914       76.654
      305        1.088        5.759            0      519.556      126.835       78.781
      306        0.912        5.796            0      523.009      150.996       69.065
      307        0.917        5.795            0      524.614      162.924       69.325
      308        0.981        5.840            0      525.979      104.478       73.745
      309        0.958        5.805            0      526.481      135.016       77.031
      310        1.001        5.875            0      530.440      151.997       74.095
      311        0.977        5.764            0      525.869      160.386       75.187
      312        1.069        5.760            0      527.331      147.222       75.992
      313        0.908        5.888            0      528.254      169.708       73.816
      314        1.023        5.741            0      525.428      147.577       76.785
      315        1.121        5.821            0      524.122      150.294       75.771
      316        0.953        5.927            0      530.677      153.713       71.626
      317        1.116        5.774            0      528.903      148.285       75.749
      318        1.109        5.808            0      530.356      138.946       78.448
      319        1.340        5.663            0      522.911      135.393       75.018
      320        1.132        5.834            0      531.397      151.957       75.620
      321        1.307        5.665            0      523.771      149.540       74.245
      322        1.213        5.745            0      527.253      132.863       77.020
      323        0.963        5.805            0      527.070      171.781       74.519
      324        1.307        5.670            0      523.832      171.933       81.045
      325        1.028        5.878            0      532.626      135.489       72.625
      326        1.141        5.768            0      528.269      164.888       77.580
      327        1.137        5.824            0      532.794      168.922       78.088
      328        1.204        5.755            0      521.370      152.460       74.432
      329        1.126        5.728            0      523.173      157.809       78.745
      330        1.302        5.673            0      524.689      147.372       80.094
      331        1.068        5.790            0      529.695      156.859       77.812
      332        1.197        5.743            0      529.185      148.420       74.748
      333        1.110        5.875            0      527.567      167.425       76.153
      334        0.987        5.803            0      530.964      170.466       73.928
      335        1.196        5.774            0      526.472      171.573       76.827
      336        1.193        5.767            0      526.094      163.507       78.418
      337        1.258        5.720            0      525.001      163.334       73.630
      338        0.977        5.880            0      532.149      167.013       76.445
      339        1.102        5.777            0      522.134      178.394       68.483
      340        0.936        5.762            0      522.121      174.349       66.325
      341        1.250        5.704            0      519.533      174.476       80.349
      342        1.074        5.813            0      530.901      192.404       76.016
      343        0.957        5.955            0      531.393      170.463       73.247
      344        0.989        5.855            0      532.240      181.000       77.089
      345        1.012        5.881            0      526.721      167.557       71.740
      346        1.114        5.832            0      525.811      163.672       72.954
      347        1.014        5.926            0      531.818      181.573       70.641
      348        0.963        5.847            0      527.816      181.461       71.347
      349        1.133        5.784            0      526.674      166.495       74.547
      350        1.135        5.751            0      523.725      186.774       74.241
      351        1.117        5.786            0      524.987      187.106       77.476
      352        0.951        5.870            0      530.062      179.377       74.909
      353        1.009        5.792            0      520.005      206.648       70.449
      354        1.007        5.780            0      523.007      175.809       74.685
      355        1.031        5.790            0      519.740      157.681       79.336
      356        1.141        5.747            0      525.615      191.008       80.100
      357        1.028        5.825            0      527.313      187.765       71.002
      358        1.071        5.714            0      520.437      158.393       78.139
      359        1.124        5.837            0      526.639      159.549       71.216
      360        1.071        5.835            0      527.120      173.724       75.270
      361        1.036        5.817            0      522.754      141.988       68.392
      362        1.135        5.683            0      523.368      176.256       72.988
      363        0.999        5.772            0      523.239      166.692       73.321
      364        0.949        5.770            0      527.750      159.936       74.904
      365        1.193        5.808            0      528.510      154.188       73.723
      366        1.025        5.843            0      526.389      172.317       75.646
      367        0.955        5.860            0      528.537      173.859       76.399
      368        1.127        5.764            0      525.574      147.674       77.276
      369        1.008        5.824            0      527.896      144.591       76.466
      370        1.079        5.759            0      527.953      144.900       73.559
      371        1.023        5.787            0      524.495      199.196       71.906
      372        0.993        5.811            0      523.693      169.884       70.075
      373        1.008        5.927            0      531.273      157.644       74.118
      374        1.093        5.892            0      532.880      148.667       76.004
      375        1.282        5.751            0      531.568      128.784       81.182
      376        1.136        5.762            0      526.047      151.285       76.311
      377        1.083        5.702            0      524.731      153.113       78.108
      378        1.150        5.774            0      526.825      145.402       75.955
      379        1.130        5.840            0      530.751      160.312       77.234
      380        1.221        5.741            0      524.142      150.773       74.860
      381        1.249        5.596            0      522.182      168.596       70.798
      382        1.125        5.787            0      523.820      163.839       72.400
      383        1.060        5.830            0      528.432      183.422       73.960
      384        1.207        5.818            0      529.183      181.547       79.345
      385        1.221        5.742            0      524.713      171.251       77.195
      386        1.023        5.797            0      530.219      179.479       75.023
      387        1.107        5.717            0      523.928      155.772       77.609
      388        1.251        5.762            0      527.787      150.772       78.017
      389        1.120        5.764            0      525.409      148.823       81.089
      390        1.297        5.644            0      523.545      159.802       80.206
      391        1.087        5.775            0      527.015      157.430       75.776
      392        1.288        5.708            0      528.325      132.628       77.482
      393        1.188        5.777            0      531.692      185.179       78.503
      394        1.311        5.609            0      524.871      162.519       76.969
      395        1.083        5.792            0      530.484      154.696       74.948
      396        1.196        5.747            0      526.083      164.037       74.675
      397        1.336        5.704            0      526.299      166.170       79.238
      398        1.203        5.656            0      522.258      129.527       76.184
      399        1.129        5.793            0      524.651      144.309       73.065
      400        1.427        5.625            0      522.480      163.775       80.654
      401        1.264        5.651            0      524.443      139.379       80.664
      402        1.116        5.720            0      526.030      160.820       73.280
      403        1.267        5.585            0      520.898      181.926       81.374
      404        1.290        5.657            0      525.729      209.240       78.539
      405        1.290        5.769            0      526.865      145.916       77.702
      406        1.261        5.689            0      531.021      158.015       77.396
      407        1.232        5.740            0      525.490      165.910       75.495
      408        1.100        5.765            0      523.742      187.335       73.227
      409        1.223        5.670            0      525.098      170.681       80.210
      410        1.264        5.725            0      526.724      178.069       81.795
      411        1.202        5.693            0      519.035      159.894       80.297
      412        1.089        5.742            0      526.054      174.346       77.174
      413        1.131        5.847            0      535.065      187.848       75.161
      414        1.036        5.765            0      529.017      161.567       73.424
      415        1.010        5.860            0      531.161      200.946       75.008
      416        0.942        5.846            0      529.677      156.520       72.714
      417        1.144        5.765            0      524.963      134.481       76.573
      418        1.097        5.793            0      531.639      176.096       73.697
      419        1.266        5.689            0      523.574      192.690       77.323
      420        1.214        5.695            0      523.881      165.638       79.982
      421        1.275        5.596            0      515.719      170.635       75.404
      422        1.138        5.818            0      531.902      154.226       73.181
      423        1.221        5.730            0      529.358      144.871       81.527
      424        1.139        5.711            0      522.354      169.332       79.695
      425        1.109        5.758            0      525.247      179.045       75.408
      426        1.149        5.758            0      527.998      169.816       75.106
      427        1.201        5.740            0      522.547      186.956       79.577
      428        1.239        5.732            0      521.543      180.689       80.205
      429        1.332        5.663            0      523.325      164.100       84.348
      430        1.081        5.745            0      525.721      161.954       79.328
      431        1.097        5.809            0      528.951      180.268       76.918
      432        1.149        5.799            0      528.148      144.167       78.553
      433        0.888        5.898            0      531.791      185.541       71.980
      434        1.004        5.787            0      523.298      168.601       79.466
      435        1.091        5.810            0      527.276      159.406       78.141
      436        1.007        5.771            0      523.778      179.733       75.161
      437        0.923        5.870            0      530.047      218.795       73.900
      438        0.972        5.890            0      531.210      190.468       72.630
      439        1.089        5.829            0      528.734      187.035       80.377
      440        0.982        5.846            0      527.539      189.531       80.380
      441        1.002        5.860            0      532.810      159.035       75.521
      442        1.136        5.755            0      524.496      151.966       71.704
      443        1.048        5.719            0      518.777      164.569       69.615
      444        1.212        5.681            0      528.273      141.917       78.512
      445        0.956        5.789            0      525.956      156.224       70.568
      446        1.069        5.742            0      525.420      111.942       72.272
      447        1.132        5.733            0      523.355      134.646       78.737
      448        1.164        5.727            0      523.964      126.003       75.086
      449        1.060        5.833            0      529.144      130.817       76.337
      450        1.221        5.709            0      527.484      139.334       78.030
      451        1.038        5.763            0      524.907      170.318       77.897
      452        1.137        5.793            0      527.962      141.103       79.989
      453        1.074        5.839            0      528.477      161.791       77.168
      454        1.098        5.698            0      523.211      164.854       70.538
      455        1.079        5.759            0      526.477      151.177       76.952
      456        1.336        5.599            0      519.073      156.009       75.981
      457        1.347        5.620            0      522.573      150.120       77.399
      458        1.122        5.763            0      523.937      155.146       76.385
      459        1.287        5.699            0      525.311      134.848       81.743
      460        1.019        5.840            0      529.131      161.068       76.363
      461        1.252        5.691            0      524.366      155.714       80.963
      462        1.134        5.757            0      525.746      152.556       73.788
      463        1.083        5.778            0      528.763      142.633       73.193
      464        1.190        5.740            0      522.412      164.007       72.386
      465        1.207        5.694            0      523.780      177.736       79.861
      466        1.236        5.725            0      526.081      155.402       74.579
      467        1.083        5.767            0      526.085      144.633       75.785
      468        1.278        5.722            0      527.414      138.846       79.666
      469        1.498        5.629            0      521.130      161.743       75.273
      470        1.302        5.636            0      516.713      167.987       74.683
      471        1.140        5.803            0      525.391      171.665       79.477
      472        1.260        5.651            0      522.018      185.167       77.339
      473        1.320        5.757            0      525.597      154.779       79.799
      474        1.428        5.643            0      526.012      157.703       81.572
      475        1.425        5.618            0      522.339      166.712       78.155
      476        1.330        5.654            0      521.462      175.697       76.879
      477        1.168        5.703            0      524.919      153.965       73.804
      478        1.187        5.766            0      523.187      157.712       75.159
      479        1.514        5.587            0      520.813      204.640       80.986
      480        1.215        5.741            0      525.483      177.476       77.290
      481        1.416        5.643            0      524.080      145.105       79.095
      482        1.252        5.750            0      531.518      157.990       73.779
      483        1.231        5.758            0      523.760      143.204       78.560
      484        1.473        5.611            0      523.447      157.134       82.167
      485        1.353        5.710            0      525.024      135.260       81.344
      486        1.131        5.855            0      524.315      204.796       73.751
      487        1.164        5.791            0      528.907      177.388       76.003
      488        1.145        5.821            0      529.532      185.941       77.741
      489        1.160        5.811            0      529.133      180.451       82.465
      490        1.159        5.790            0      526.680      165.032       83.344
      491        1.089        5.809            0      529.034      184.743       74.413
      492        0.964        5.812            0      529.283      166.418       71.981
      493        1.062        5.750            0      520.935      171.809       73.964
      494        1.073        5.749            0      524.942      177.891       69.668
      495        1.073        5.761            0      527.217      200.469       78.613
      496        1.135        5.754            0      529.208      221.710       77.713
      497        1.016        5.873            0      521.604      170.140       73.475
      498        1.121        5.771            0      527.452      169.380       74.974
      499        0.987        5.845            0      527.328      211.109       69.921
      500        1.203        5.735            0      528.523      196.728       82.303
      501        1.087        5.763            0      526.741      196.281       77.553
      502        1.246        5.671            0      522.555      173.598       77.470
      503        1.247        5.784            0      525.510      173.629       79.244
      504        1.278        5.727            0      526.743      197.468       82.649
      505        1.120        5.817            0      529.938      191.252       77.051
      506        1.199        5.789            0      522.124      184.251       76.828
      507        1.314        5.680            0      524.890      159.127       78.158
      508        1.208        5.891            0      533.788      190.815       76.901
      509        1.268        5.787            0      527.352      167.115       78.751
      510        1.276        5.790            0      524.794      165.036       75.208
      511        1.309        5.753            0      528.989      150.063       77.481
      512        1.191        5.842            0      529.519      171.764       79.196
      513        1.414        5.663            0      522.257      139.308       78.502
      514        1.315        5.748            0      525.701      151.250       76.516
      515        1.354        5.667            0      522.382      188.490       78.463
      516        1.191        5.677            0      519.584      185.172       77.937
      517        1.092        5.831            0      523.885      161.830       73.842
      518        1.273        5.739            0      526.919      177.867       79.317
      519        1.247        5.788            0      527.743      173.106       80.384
      520        1.255        5.717            0      522.372      172.990       69.719
      521        1.062        5.751            0      523.414      186.753       73.396
      522        1.029        5.790            0      522.278      162.659       73.644
      523        1.231        5.736            0      523.165      161.075       79.601
      524        1.183        5.729            0      527.314      185.214       79.875
      525        1.100        5.764            0      525.881      198.227       72.959
      526        1.016        5.808            0      526.534      191.122       74.657
      527        1.207        5.702            0      527.126      177.124       80.121
      528        1.096        5.739            0      522.003      175.747       74.488
      529        1.157        5.851            0      532.437      195.323       79.871
      530        1.202        5.670            0      525.176      172.234       75.363
      531        1.094        5.845            0      533.394      158.910       77.608
      532        1.241        5.789            0      530.852      164.185       80.070
      533        1.081        5.829            0      529.097      133.366       76.366
      534        1.115        5.899            0      534.895      179.929       78.308
      535        1.109        5.722            0      525.632      149.934       77.224
      536        0.996        5.918            0      530.964      151.102       72.810
      537        1.251        5.669            0      521.465      144.041       78.542
      538        1.184        5.760            0      523.078      160.123       79.914
      539        1.114        5.783            0      521.891      146.960       76.330
      540        1.020        5.796            0      529.372      169.883       80.295
      541        1.147        5.740            0      520.481      123.780       78.560
      542        0.980        5.871            0      526.209      142.660       74.827
      543        1.095        5.828            0      525.393      160.546       72.618
      544        1.123        5.685            0      523.389      171.317       74.730
      545        1.138        5.848            0      533.052      203.440       78.615
      546        1.001        5.756            0      523.220      184.555       73.524
      547        1.126        5.786            0      530.102      162.602       79.978
      548        0.963        5.884            0      532.566      158.993       80.896
      549        1.040        5.768            0      525.136      182.816       75.996
      550        0.962        5.852            0      526.632      187.686       75.415
      551        0.964        5.869            0      528.014      196.146       76.561
      552        1.090        5.738            0      524.785      183.583       77.592
      553        1.011        5.787            0      524.814      198.238       73.852
      554        1.021        5.772            0      521.005      188.937       75.322
      555        1.093        5.740            0      522.663      174.875       77.589
      556        1.185        5.744            0      528.405      181.144       79.432
      557        1.164        5.722            0      521.950      182.051       81.158
      558        0.966        5.828            0      526.908      174.481       70.987
      559        0.942        5.858            0      527.173      191.625       75.179
      560        1.048        5.878            0      529.809      171.682       73.617
      561        1.050        5.841            0      526.564      189.541       77.630
      562        0.987        5.811            0      523.526      193.080       72.798
      563        1.373        5.709            0      524.165      218.485       78.141
      564        1.113        5.804            0      527.475      212.905       79.714
      565        1.215        5.752            0      529.893      193.089       72.195
      566        1.198        5.788            0      529.114      218.345       78.274
      567        1.167        5.766            0      526.207      210.679       74.761
      568        1.253        5.721            0      527.513      195.314       77.218
      569        1.063        5.834            0      524.246      184.763       77.096
      570        1.151        5.770            0      527.049      166.184       82.616
      571        1.007        5.778            0      524.570      220.290       72.853
      572        1.144        5.691            0      521.947      186.306       75.948
      573        0.974        5.777            0      524.608      190.792       68.816
      574        1.044        5.827            0      530.619      170.934       77.224
      575        1.125        5.772            0      527.448      212.002       76.143
      576        1.133        5.738            0      525.609      157.864       75.033
      577        0.934        5.877            0      528.279      184.007       74.283
      578        1.103        5.817            0      529.358      197.272       83.063
      579        1.165        5.765            0      524.091      151.578       77.284
      580        1.329        5.640            0      523.979      160.500       78.682
      581        0.895        5.920            0      529.959      190.278       75.882
      582        1.105        5.800            0      524.088      157.803       79.734
      583        0.963        5.834            0      526.326      157.621       70.980
      584        0.929        5.974            0      531.324      178.416       76.506
      585        1.189        5.689            0      522.531      164.998       74.139
      586        1.129        5.807            0      523.137      156.848       75.046
      587        1.171        5.803            0      527.466      190.223       78.668
      588        1.143        5.742            0      523.735      176.011       79.497
      589        0.998        5.899            0      533.821      183.948       74.773
      590        1.059        5.801            0      526.445      178.690       76.994
      591        1.089        5.794            0      525.981      184.194       79.157
      592        1.009        5.891            0      531.913      173.736       78.290
      593        1.085        5.821            0      526.490      157.648       75.312
      594        1.033        5.839            0      523.723      181.801       74.256
      595        1.313        5.709            0      528.851      170.375       77.909
      596        1.160        5.780            0      522.800      175.727       81.440
      597        0.982        5.822            0      525.046      187.585       76.742
      598        1.015        5.840            0      529.291      180.399       77.659
      599        1.198        5.716            0      525.421      169.939       75.925
      600        0.916        5.879            0      527.861      215.456       73.454
      601        1.024        5.851            0      529.839      190.979       75.367
      602        0.879        5.887            0      533.096      226.288       70.618
      603        0.959        5.855            0      527.120      192.565       74.795
      604        1.119        5.815            0      529.151      163.309       77.366
      605        1.010        5.852            0      529.568      176.768       73.188
      606        1.050        5.810            0      527.020      207.614       74.179
      607        1.267        5.757            0      526.238      212.667       78.089
      608        1.144        5.767            0      527.166      175.149       75.638
      609        1.172        5.799            0      527.524      167.272       75.750
      610        1.017        5.806            0      526.824      161.444       78.111
      611        0.938        5.836            0      526.687      192.188       75.285
      612        1.238        5.736            0      526.266      195.437       80.094
      613        1.040        5.827            0      525.959      154.834       78.235
      614        0.954        5.821            0      524.686      188.011       73.936
      615        0.892        5.934            0      529.228      161.285       76.773
      616        0.875        5.981            0      533.846      206.690       72.202
      617        1.059        5.896            0      528.295      169.596       74.626
      618        1.003        5.866            0      529.684      181.456       74.653
      619        1.067        5.819            0      528.117      212.321       75.421
      620        1.036        5.822            0      530.110      171.688       77.916
      621        0.997        5.812            0      527.046      174.589       69.929
      622        0.965        5.828            0      525.818      168.751       72.035
      623        1.089        5.856            0      524.091      175.414       75.127
      624        1.078        5.807            0      524.739      201.997       72.589
      625        0.889        5.951            0      531.234      170.822       68.458
      626        1.105        5.799            0      524.372      148.789       75.648
      627        1.084        5.725            0      524.345      187.233       75.860
      628        1.115        5.810            0      528.753      155.389       70.629
      629        0.924        5.913            0      527.224      191.016       78.943
      630        0.918        5.865            0      531.674      174.874       75.929
      631        1.223        5.737            0      524.537      157.174       74.858
      632        1.015        5.885            0      527.446      165.726       74.720
      633        1.026        5.857            0      526.947      133.533       78.021
      634        1.102        5.874            0      530.882      155.800       77.673
      635        1.022        5.875            0      530.609      166.681       73.530
      636        1.142        5.769            0      521.739      182.125       79.943
      637        0.885        5.971            0      533.450      199.309       70.374
      638        0.903        5.879            0      528.483      161.277       70.512
      639        1.088        5.798            0      527.384      157.038       77.743
      640        1.033        5.876            0      528.665      207.414       75.557
      641        0.931        5.876            0      528.417      188.697       70.674
      642        1.103        5.834            0      524.871      177.646       73.590
      643        1.085        5.841            0      528.185      200.908       79.480
      644        0.978        5.838            0      525.208      185.054       70.947
      645        0.906        5.926            0      529.630      162.849       70.685
      646        1.144        5.779            0      527.189      164.689       75.478
      647        1.005        5.913            0      526.579      162.327       74.517
      648        0.972        5.843            0      525.609      184.898       75.067
      649        1.158        5.835            0      529.579      202.247       81.664
      650        1.055        5.761            0      523.306      172.788       74.276
      651        1.176        5.816            0      528.298      159.799       77.259
      652        0.950        5.924            0      527.458      180.576       73.660
      653        0.991        5.823            0      525.728      191.020       71.717
      654        0.948        5.846            0      528.866      204.553       73.787
      655        0.930        5.945            0      531.041      203.138       78.160
      656        1.080        5.757            0      526.284      183.518       76.443
      657        0.959        5.826            0      526.757      212.128       77.348
      658        0.922        5.928            0      526.567      217.447       75.086
      659        0.942        5.875            0      527.640      211.362       76.764
      660        1.138        5.803            0      523.418      190.099       73.988
      661        1.102        5.777            0      523.851      140.783       78.778
      662        1.169        5.803            0      530.331      162.173       82.155
      663        1.079        5.775            0      528.168      165.262       80.679
      664        1.189        5.748            0      522.852      196.427       78.305
      665        0.904        5.951            0      532.276      185.419       73.940
      666        0.937        5.873            0      524.812      207.703       72.384
      667        1.097        5.839            0      526.173      170.276       72.021
      668        0.930        5.792            0      526.432      175.617       73.699
      669        1.000        5.825            0      525.849      159.340       77.530
      670        1.117        5.778            0      522.347      170.515       78.139
      671        1.122        5.812            0      523.956      180.568       74.948
      672        0.873        5.953            0      529.455      185.644       71.823
      673        1.067        5.802            0      527.050      178.022       75.391
      674        1.067        5.816            0      528.022      162.506       74.024
      675        0.954        5.867            0      529.750      178.357       72.102
      676        0.981        5.849            0      524.633      174.857       76.431
      677        0.976        5.843            0      528.177      187.095       77.092
      678        1.020        5.859            0      532.385      181.429       72.365
      679        0.933        5.871            0      526.777      158.880       73.787
      680        1.002        5.849            0      525.210      141.941       76.705
      681        1.053        5.821            0      532.135      196.990       80.854
      682        0.981        5.820            0      527.981      187.005       78.310
      683        1.065        5.799            0      529.145      147.411       80.213
      684        0.987        5.783            0      522.857      161.885       70.554
      685        1.081        5.861            0      532.570      137.812       78.452
      686        0.986        5.846            0      531.198      154.109       71.464
      687        1.032        5.816            0      529.714      139.931       73.352
      688        1.116        5.824            0      526.660      149.524       78.059
      689        1.002        5.895            0      529.279      158.817       73.015
      690        0.953        5.883            0      525.940      175.483       68.595
      691        0.917        5.916            0      531.530      153.467       70.832
      692        0.915        5.928            0      528.968      157.141       76.980
      693        1.069        5.749            0      525.647      146.856       76.491
      694        0.906        5.964            0      533.727      187.039       70.767
      695        0.890        5.951            0      530.540      154.748       77.956
      696        1.292        5.650            0      521.884      153.425       79.175
      697        1.074        5.830            0      531.913      146.723       79.189
      698        1.118        5.821            0      529.859      149.023       76.931
      699        1.029        5.859            0      524.969      159.205       72.169
      700        1.090        5.773            0      525.619      157.764       72.328
      701        1.010        5.853            0      527.354      157.921       76.199
      702        1.065        5.777            0      526.892      160.259       77.663
      703        1.017        5.916            0      528.041      156.403       70.462
      704        1.049        5.769            0      525.235      185.614       74.723
      705        1.017        6.019            0      536.184      178.659       77.942
      706        1.083        5.785            0      526.318      150.273       75.059
      707        0.955        5.916            0      533.411      185.559       75.762
      708        1.264        5.716            0      529.738      162.801       79.299
      709        1.223        5.741            0      527.278      187.262       75.852
      710        1.283        5.654            0      516.613      194.261       80.149
      711        1.030        5.759            0      522.276      182.718       76.071
      712        1.028        5.822            0      526.571      173.502       70.958
      713        0.990        5.769            0      523.302      167.148       74.407
      714        1.126        5.789            0      521.271      192.169       74.945
      715        1.120        5.801            0      531.700      156.377       82.098
      716        1.173        5.789            0      530.853      172.434       74.692
      717        1.202        5.683            0      522.312      165.069       74.116
      718        1.303        5.669            0      521.666      146.687       74.668
      719        1.075        5.883            0      532.477      156.194       73.261
      720        1.147        5.840            0      529.106      181.478       74.816
      721        1.008        5.827            0      526.420      163.760       73.345
      722        1.042        5.836            0      528.126      190.825       74.502
      723        1.231        5.657            0      521.307      158.509       77.784
      724        1.231        5.745            0      526.519      140.674       75.169
      725        1.222        5.712            0      527.605      148.929       79.688
      726        1.174        5.782            0      530.687      145.692       78.175
      727        1.284        5.729            0      527.666      154.865       78.896
      728        1.266        5.746            0      523.754      161.138       80.779
      729        0.948        5.915            0      530.940      174.379       73.236
      730        1.026        5.819            0      527.897      172.477       74.879
      731        0.937        5.886            0      531.512      157.902       73.482
      732        1.001        5.800            0      526.843      146.221       77.721
      733        1.241        5.710            0      525.748      150.026       82.024
      734        1.104        5.770            0      525.882      159.060       79.852
      735        0.974        5.839            0      527.659      161.655       69.665
      736        0.903        5.868            0      526.265      130.118       73.130
      737        0.929        5.860            0      528.362      156.679       73.858
      738        1.145        5.805            0      528.438      157.976       84.552
      739        1.061        5.826            0      524.626      159.003       84.550
      740        0.882        5.860            0      530.812      158.402       75.552
      741        1.041        5.893            0      529.617      141.035       74.021
      742        0.981        5.890            0      528.527      149.486       74.453
      743        0.935        5.889            0      527.723      164.316       71.009
      744        0.998        5.890            0      527.541      146.760       70.961
      745        1.022        5.918            0      531.942      126.237       74.960
      746        1.086        5.771            0      521.762      152.495       75.948
      747        1.034        5.893            0      532.231      168.405       76.127
      748        1.033        5.876            0      525.533      141.568       74.627
      749        1.203        5.719            0      525.881      175.228       76.869
      750        1.153        5.804            0      534.114      142.011       79.362
      751        1.188        5.841            0      531.494      149.667       76.728
      752        1.117        5.790            0      529.671      164.713       77.509
      753        1.222        5.741            0      524.139      169.357       76.188
      754        1.178        5.767            0      527.375      182.432       81.154
      755        1.048        5.790            0      526.635      140.648       69.694
      756        1.102        5.808            0      528.916      151.147       79.140
      757        1.205        5.768            0      528.890      160.869       72.533
      758        1.191        5.707            0      519.266      137.198       73.709
      759        1.349        5.646            0      522.595      130.825       81.327
      760        1.253        5.719            0      524.056      133.709       70.982
      761        1.086        5.757            0      525.731      161.905       73.066
      762        1.131        5.764            0      525.799      124.375       79.733
      763        1.380        5.580            0      523.002      107.942       84.251
      764        1.300        5.663            0      520.188      126.606       76.440
      765        1.195        5.686            0      524.976      119.359       77.458
      766        1.526        5.589            0      523.005      112.713       83.592
      767        1.065        5.789            0      531.525      136.825       84.282
      768        1.267        5.750            0      528.073      139.350       79.878
      769        1.409        5.650            0      525.701      122.448       83.018
      770        1.435        5.641            0      522.142      125.051       81.171
      771        1.335        5.634            0      521.511      151.645       77.119
      772        1.185        5.706            0      523.731      129.836       79.686
      773        1.383        5.708            0      525.396      130.898       77.125
      774        1.182        5.766            0      526.357      144.237       75.329
      775        1.017        5.820            0      526.117      152.703       77.452
      776        1.238        5.703            0      518.364      145.608       71.883
      777        1.139        5.836            0      526.950      159.564       86.356
      778        1.088        5.746            0      522.756      153.766       72.164
      779        0.935        5.848            0      525.508      164.867       72.716
      780        1.093        5.871            0      531.047      152.740       78.929
      781        1.103        5.790            0      525.236      158.991       74.628
      782        1.034        5.809            0      527.509      153.144       74.710
      783        1.003        5.921            0      527.378      169.277       74.227
      784        1.204        5.723            0      522.661      154.387       71.621
      785        1.196        5.679            0      520.711      172.779       79.363
      786        0.985        5.856            0      528.932      168.418       73.884
      787        1.026        5.844            0      528.551      165.399       76.250
      788        0.955        5.890            0      525.964      153.586       72.488
      789        1.082        5.812            0      527.315      170.389       71.167
      790        1.068        5.809            0      528.405      151.723       69.853
      791        1.166        5.717            0      526.674      153.281       76.414
      792        1.100        5.836            0      531.395      132.310       80.248
      793        1.094        5.777            0      526.986      151.082       76.599
      794        1.028        5.776            0      522.896      152.076       77.723
      795        1.176        5.872            0      533.568      175.238       76.474
      796        1.190        5.776            0      524.340      183.145       77.079
      797        1.040        5.927            0      530.483      160.854       74.595
      798        1.411        5.736            0      525.022      141.510       80.635
      799        1.169        5.738            0      523.128      149.802       77.274
      800        1.200        5.772            0      528.022      127.461       79.677
      801        1.295        5.663            0      521.292      137.405       82.403
      802        1.278        5.698            0      527.222      173.875       79.475
      803        0.989        5.828            0      528.932      179.477       72.226
      804        1.235        5.709            0      525.308      143.358       81.421
      805        1.387        5.679            0      520.945      159.392       80.359
      806        1.232        5.786            0      527.732      155.014       76.694
      807        1.231        5.743            0      522.069      167.956       80.360
      808        1.324        5.738            0      529.884      167.463       83.493
      809        1.362        5.708            0      524.251      147.331       83.992
      810        1.110        5.859            0      532.775      128.585       76.098
      811        1.277        5.698            0      522.220      131.542       79.245
      812        1.392        5.673            0      522.114      120.087       79.974
      813        1.211        5.731            0      527.903      146.026       79.178
      814        1.124        5.823            0      530.515      156.831       75.003
      815        1.167        5.720            0      527.589      143.196       80.701
      816        0.998        5.963            0      530.829      153.964       70.763
      817        1.078        5.889            0      532.790      141.156       75.985
      818        1.174        5.785            0      531.247      150.487       77.988
      819        1.208        5.687            0      521.955      139.313       75.285
      820        1.079        5.838            0      526.330      157.421       74.873
      821        1.201        5.770            0      526.312      136.037       77.832
      822        1.345        5.671            0      523.645      128.753       79.349
      823        1.406        5.672            0      524.109      162.893       78.099
      824        1.234        5.710            0      530.407      157.126       70.863
      825        1.100        5.715            0      526.100      155.493       71.165
      826        1.467        5.598            0      521.998      150.720       81.043
      827        1.076        5.803            0      529.758      138.164       71.063
      828        1.177        5.784            0      531.530      132.280       71.319
      829        1.081        5.829            0      529.620      160.508       81.620
      830        1.052        5.766            0      526.428      140.835       73.712
      831        1.183        5.841            0      530.827      142.092       75.515
      832        1.226        5.665            0      525.093      140.438       79.712
      833        1.384        5.626            0      521.957      132.988       80.072
      834        1.316        5.660            0      522.809      125.992       81.196
      835        1.128        5.747            0      529.749      180.554       75.398
      836        1.141        5.800            0      533.647      176.463       78.603
      837        1.192        5.821            0      532.140      122.325       80.230
      838        1.330        5.627            0      520.242      119.896       81.627
      839        0.970        5.837            0      528.107      122.472       74.782
      840        1.269        5.694            0      525.828      151.170       79.898
      841        1.424        5.570            0      520.893      140.123       82.690
      842        1.227        5.757            0      525.016      146.710       80.511
      843        1.472        5.653            0      526.757      141.873       80.997
      844        1.079        5.803            0      527.593      147.305       76.055
      845        1.169        5.721            0      526.408      156.147       80.577
      846        1.066        5.859            0      534.438      139.867       76.375
      847        1.112        5.793            0      530.987      134.396       73.667
      848        1.483        5.582            0      520.905      116.493       82.031
      849        1.314        5.716            0      525.750      160.903       80.057
      850        1.105        5.742            0      531.280      147.696       82.337
      851        1.371        5.700            0      525.743      147.468       81.855
      852        1.447        5.573            0      517.344      126.804       77.109
      853        1.070        5.809            0      529.375      161.419       73.609
      854        1.274        5.615            0      518.339      130.890       77.436
      855        1.173        5.798            0      530.747      148.832       82.029
      856        1.423        5.639            0      525.272      138.904       82.542
      857        1.323        5.671            0      523.275      128.745       81.173
      858        1.358        5.695            0      524.821      166.636       78.945
      859        1.406        5.668            0      524.589      138.210       81.237
      860        1.415        5.612            0      523.564      130.693       74.375
      861        1.156        5.749            0      523.332      138.930       79.366
      862        1.177        5.744            0      530.973      148.432       78.784
      863        1.209        5.738            0      525.955      154.421       74.039
      864        1.052        5.839            0      529.355      151.456       79.926
      865        1.095        5.812            0      531.171      167.428       78.552
      866        1.108        5.754            0      526.003      188.350       78.929
      867        1.143        5.775            0      529.921      148.614       76.232
      868        1.267        5.674            0      522.055      161.901       76.660
      869        1.268        5.698            0      524.141      147.094       81.561
      870        1.135        5.800            0      526.069      138.140       76.043
      871        0.976        5.909            0      533.844      157.630       79.883
      872        1.393        5.727            0      529.483      168.748       82.574
      873        1.219        5.732            0      525.902      138.668       77.841
      874        1.130        5.894            0      531.995      144.713       79.973
      875        1.294        5.794            0      530.035      177.346       80.206
      876        1.187        5.743            0      525.417      202.510       75.780
      877        1.117        5.778            0      524.436      192.787       73.346
      878        1.079        5.810            0      529.102      172.130       77.868
      879        1.021        5.791            0      528.054      149.352       73.488
      880        1.214        5.717            0      527.058      166.390       75.680
      881        1.022        5.763            0      525.029      144.650       70.321
      882        1.152        5.750            0      531.901      133.640       77.475
      883        1.064        5.765            0      527.281      179.255       74.400
      884        1.035        5.889            0      526.637      151.698       70.385
      885        1.244        5.716            0      528.964      150.084       82.491
      886        1.368        5.705            0      523.169      153.871       78.334
      887        0.977        5.855            0      530.858      159.068       73.130
      888        1.045        5.867            0      531.265      165.291       73.887
      889        1.155        5.766            0      524.835      164.399       74.425
      890        1.041        5.891            0      529.978      217.767       72.250
      891        1.015        5.794            0      524.574      162.005       74.615
      892        0.997        5.825            0      529.803      204.030       81.434
      893        1.089        5.837            0      532.513      168.895       81.693
      894        1.142        5.772            0      521.285      203.308       77.945
      895        1.137        5.836            0      533.022      168.263       75.978
      896        1.103        5.772            0      526.139      167.030       74.571
      897        1.250        5.705            0      524.422      127.354       82.744
      898        1.234        5.763            0      524.590      138.153       82.457
      899        1.109        5.852            0      528.388      144.437       77.593
      900        1.401        5.717            0      526.934      130.082       82.507
      901        1.457        5.664            0      525.686      139.044       82.192
      902        1.274        5.737            0      527.226      148.938       79.763
      903        1.279        5.724            0      525.166      148.236       77.541
      904        1.184        5.772            0      528.555      145.077       79.284
      905        1.325        5.675            0      526.969      129.133       86.971
      906        1.543        5.592            0      521.456      130.421       83.379
      907        1.046        5.897            0      530.839      131.107       72.101
      908        1.406        5.605            0      517.091      134.216       81.712
      909        1.231        5.763            0      528.339      119.457       79.845
      910        1.104        5.849            0      529.148      111.647       74.019
      911        1.258        5.752            0      530.733      126.629       72.481
      912        1.268        5.736            0      525.837      107.024       79.246
      913        1.412        5.662            0      522.492      122.188       82.413
      914        1.123        5.861            0      530.022      116.214       78.323
      915        1.261        5.762            0      528.038      128.708       77.454
      916        1.072        5.789            0      527.933      146.314       75.361
      917        1.219        5.715            0      526.740      156.057       76.936
      918        1.103        5.838            0      526.362      182.646       72.786
      919        1.131        5.765            0      524.453      156.316       75.960
      920        1.096        5.803            0      527.374      183.859       69.938
      921        1.018        5.808            0      525.406      181.786       76.391
      922        1.094        5.818            0      525.259      142.091       77.184
      923        1.177        5.881            0      529.652      179.250       75.473
      924        1.052        5.813            0      526.458      161.771       78.705
      925        0.952        5.865            0      529.073      171.984       74.220
      926        1.029        5.825            0      530.683      153.324       78.182
      927        0.995        5.871            0      528.174      161.198       79.327
      928        1.084        5.830            0      531.674      171.983       74.244
      929        1.009        5.816            0      521.951      176.896       76.651
      930        1.012        5.855            0      528.700      146.476       75.174
      931        0.992        5.871            0      528.098      152.318       76.537
      932        1.001        5.857            0      530.710      150.061       76.826
      933        1.131        5.849            0      531.771      138.034       67.858
      934        0.908        5.918            0      532.334      163.259       74.657
      935        1.070        5.810            0      528.591      137.299       76.475
      936        1.189        5.845            0      527.746      156.628       77.257
      937        1.041        5.808            0      522.850      158.844       75.401
      938        1.051        5.826            0      524.244      161.583       72.301
      939        1.141        5.810            0      529.296      139.594       75.339
      940        1.111        5.759            0      525.736      156.796       81.261
      941        1.071        5.756            0      523.883      140.080       76.715
      942        0.995        5.863            0      531.979      159.483       72.648
      943        0.997        5.759            0      526.542      160.875       75.503
      944        0.945        5.852            0      528.886      143.099       74.592
      945        1.080        5.798            0      527.270      148.664       71.440
      946        0.922        5.817            0      526.677      179.783       73.664
      947        1.036        5.805            0      528.749      131.332       74.720
      948        1.287        5.750            0      525.537      136.097       80.977
      949        1.225        5.743            0      522.067      130.213       80.884
      950        1.104        5.819            0      526.355      139.354       76.031
      951        1.022        5.881            0      527.402      130.744       71.930
      952        1.070        5.713            0      521.934      147.021       78.872
      953        1.120        5.745            0      524.785      172.636       74.340
      954        1.098        5.764            0      523.537      163.048       79.010
      955        1.117        5.790            0      526.876      186.369       78.185
      956        0.969        5.882            0      525.244      153.118       68.677
      957        1.193        5.697            0      519.945      182.660       78.420
      958        1.204        5.708            0      525.473      185.471       82.085
      959        1.193        5.706            0      523.546      146.009       78.412
      960        1.407        5.649            0      525.663      135.352       78.000
      961        1.201        5.825            0      530.889      131.664       77.017
      962        1.148        5.735            0      523.890      131.603       80.509
      963        1.071        5.840            0      533.867      129.610       82.305
      964        1.214        5.668            0      526.393      140.854       78.194
      965        1.085        5.761            0      528.173      117.277       72.753
      966        1.153        5.714            0      525.424      115.674       78.916
      967        1.096        5.773            0      528.184      136.854       75.499
      968        1.082        5.821            0      525.589      142.550       80.205
      969        0.905        5.950            0      534.237      167.416       77.277
      970        1.086        5.847            0      524.965      190.226       71.216
      971        1.006        5.849            0      526.939      153.445       75.405
      972        0.987        5.921            0      526.792      194.708       72.013
      973        0.966        5.859            0      530.023      142.327       74.759
      974        1.155        5.797            0      526.348      123.386       78.944
      975        1.027        5.861            0      524.850      123.745       72.768
      976        1.072        5.854            0      531.146      143.956       74.659
      977        1.222        5.767            0      525.686      139.350       78.224
      978        1.168        5.735            0      521.438      118.183       77.882
      979        1.003        5.860            0      529.798      151.640       76.433
      980        0.877        5.936            0      530.090      152.477       75.679
      981        1.214        5.766            0      528.364      136.580       75.272
      982        1.262        5.699            0      521.106      136.035       78.888
      983        1.122        5.750            0      526.582      113.146       78.493
      984        0.918        5.883            0      530.427      139.419       75.637
      985        1.127        5.842            0      530.267      166.435       77.501
      986        1.052        5.805            0      525.971      162.081       75.778
      987        0.919        5.898            0      533.687      171.299       76.832
      988        1.041        5.787            0      522.565      135.565       77.009
      989        1.157        5.683            0      519.001      157.707       78.839
      990        1.096        5.772            0      523.736      136.626       76.296
      991        1.036        5.857            0      528.479      123.932       74.889
      992        0.972        5.887            0      526.976      187.869       74.818
      993        1.166        5.770            0      521.891      150.908       80.473
      994        1.251        5.724            0      521.778      136.798       78.741
      995        1.144        5.774            0      527.648      129.592       79.093
      996        1.274        5.804            0      533.007      154.175       79.735
      997        1.068        5.814            0      527.076      137.537       78.551
      998        1.047        5.857            0      533.852      153.806       76.015
      999        1.058        5.766            0      529.066      156.474       73.259
     1000        1.001        5.881            0      533.191      187.044       75.052
